3.0983832491103116	6.286207389817356	1.0	0.0	0.0	-0.0	1.0	0.0	0.0	0.0	1.0	0.0
3.1415888637306035	6.2886315436335245	0.9998068180245282	0.019655193503701807	0.0	-0.019655193503701807	0.9998068180245282	0.0	0.0	0.0	1.0	0.010000000000000002
3.141484089280452	6.30273624286769	0.9965886358523667	0.08252933351190382	0.0	-0.08252933351190382	0.9965886358523667	0.0	0.0	0.0	1.0	0.020000000000000004
3.141238566187414	6.316772001551304	0.989400031390058	0.14521562548621303	0.0	-0.14521562548621303	0.989400031390058	0.0	0.0	0.0	1.0	0.03
3.140853260024952	6.330683618075758	0.9782433908765092	0.20746052204318113	0.0	-0.20746052204318113	0.9782433908765092	0.0	0.0	0.0	1.0	0.04000000000000001
3.1403296861615706	6.3444163719778786	0.9631376689975736	0.26900897858235207	0.0	-0.26900897858235207	0.9631376689975736	0.0	0.0	0.0	1.0	0.05
3.139669903888939	6.3579162362554875	0.9441187191823213	0.3296055886806732	0.0	-0.3296055886806732	0.9441187191823213	0.0	0.0	0.0	1.0	0.06
3.1388765084377512	6.371130087353378	0.921239539645473	0.3889957719484841	0.0	-0.3889957719484841	0.921239539645473	0.0	0.0	0.0	1.0	0.07
3.1379526209081847	6.384005912094126	0.8945704276821315	0.44692700736989327	0.0	-0.44692700736989327	0.8945704276821315	0.0	0.0	0.0	1.0	0.08000000000000002
3.1369018761491323	6.396493010822354	0.8641990353653504	0.5031501041176458	0.0	-0.5031501041176458	0.8641990353653504	0.0	0.0	0.0	1.0	0.09
3.1357284086277115	6.408542196025229	0.8302303205841015	0.5574205008634147	0.0	-0.5574205008634147	0.8302303205841015	0.0	0.0	0.0	1.0	0.1
3.1344368363379678	6.420105985686713	0.7927863882826867	0.6094995837190482	0.0	-0.6094995837190482	0.7927863882826867	0.0	0.0	0.0	1.0	0.11000000000000001
3.1330322428051356	6.4311387906294595	0.7520062178134644	0.6591560121624381	0.0	-0.6591560121624381	0.7520062178134644	0.0	0.0	0.0	1.0	0.12
3.131520157249294	6.441597095096836	0.7080452734807453	0.706167041642115	0.0	-0.706167041642115	0.7080452734807453	0.0	0.0	0.0	1.0	0.13
3.1299065329797364	6.451439629829563	0.6610749966198164	0.7503198310348126	0.0	-0.7503198310348126	0.6610749966198164	0.0	0.0	0.0	1.0	0.14
3.1281977240987917	6.460627536897455	0.6112821789034273	0.791412722765485	0.0	-0.791412722765485	0.6112821789034273	0.0	0.0	0.0	1.0	0.14999999999999997
3.1264004606012117	6.469124525557772	0.5588682179784141	0.829256483202653	0.0	-0.829256483202653	0.5588682179784141	0.0	0.0	0.0	1.0	0.16000000000000003
3.124521821962418	6.476897018428327	0.5040482579849476	0.8636754909237263	0.0	-0.8636754909237263	0.5040482579849476	0.0	0.0	0.0	1.0	0.16999999999999998
3.122569209315952	6.483914287286373	0.4470502189759254	0.8945088606121111	0.0	-0.8945088606121111	0.4470502189759254	0.0	0.0	0.0	1.0	0.18
3.1205503163272024	6.490148577833934	0.3881137207088237	0.9216114907039479	0.0	-0.9216114907039479	0.3881137207088237	0.0	0.0	0.0	1.0	0.19
3.1184730988769087	6.49557522280683	0.3274889077006167	0.9448550234470138	0.0	-0.9448550234470138	0.3274889077006167	0.0	0.0	0.0	1.0	0.2
3.116345743673977	6.500172742848359	0.26543518379189074	0.9641287067634514	0.0	-0.9641287067634514	0.26543518379189074	0.0	0.0	0.0	1.0	0.20999999999999996
3.1141766359226666	6.5039229346193475	0.202219865733162	0.9793401482135111	0.0	-0.9793401482135111	0.202219865733162	0.0	0.0	0.0	1.0	0.22000000000000003
3.111974326174235	6.506810945673749	0.13811676645999493	0.9904159524273805	0.0	-0.9904159524273805	0.13811676645999493	0.0	0.0	0.0	1.0	0.22999999999999998
3.1097474964975085	6.508825335692675	0.07340471974087218	0.9973022345907805	0.0	-0.9973022345907805	0.07340471974087218	0.0	0.0	0.0	1.0	0.24
3.1075049261065937	6.509958123739098	0.008366058742379785	0.9999650039181968	0.0	-0.9999650039181968	0.008366058742379785	0.0	0.0	0.0	1.0	0.25
3.1052554565869497	6.510204821269542	-0.056714938257559994	0.9983904125032658	0.0	-0.9983904125032658	-0.056714938257559994	0.0	0.0	0.0	1.0	0.26
3.1030079568632916	6.509564450717004	-0.12155362128014344	0.9925848664742394	0.0	-0.9925848664742394	-0.12155362128014344	0.0	0.0	0.0	1.0	0.27
3.1007712880542617	6.508039549539937	-0.18586654715317102	0.982574997976927	0.0	-0.982574997976927	-0.18586654715317102	0.0	0.0	0.0	1.0	0.28
3.0985542683594387	6.505636159714351	-0.24937304899605123	0.9684074981300037	0.0	-0.9684074981300037	-0.24937304899605123	0.0	0.0	0.0	1.0	0.29000000000000004
3.096365638124077	6.502363802728566	-0.311796782677615	0.9501488127192962	0.0	-0.9501488127192962	-0.311796782677615	0.0	0.0	0.0	1.0	0.30000000000000004
3.094214025225959	6.49823544022182	-0.3728672365623311	0.9278847039898711	0.0	-0.9278847039898711	-0.3728672365623311	0.0	0.0	0.0	1.0	0.31000000000000005
3.0921079109269267	6.493267420487471	-0.4323211913798679	0.9017196834293304	0.0	-0.9017196834293304	-0.4323211913798679	0.0	0.0	0.0	1.0	0.32000000000000006
3.0900555963290763	6.4874794111378815	-0.4899041177608117	0.8717763218859529	0.0	-0.8717763218859529	-0.4899041177608117	0.0	0.0	0.0	1.0	0.33000000000000007
3.088065169572244	6.480894318300177	-0.5453714998634057	0.8381944447064412	0.0	-0.8381944447064412	-0.5453714998634057	0.0	0.0	0.0	1.0	0.3400000000000001
3.086144473905386	6.473538192778979	-0.59849007455466	0.8011302207878301	0.0	-0.8011302207878301	-0.59849007455466	0.0	0.0	0.0	1.0	0.3500000000000001
3.08430107675978	6.465440123683273	-0.6490389767834125	0.7607551554974444	0.0	-0.7607551554974444	-0.6490389767834125	0.0	0.0	0.0	1.0	0.36
3.082542239946716	6.456632120069043	-0.696810783069815	0.7172549983078761	0.0	-0.7172549983078761	-0.696810783069815	0.0	0.0	0.0	1.0	0.37
3.0808748910965797	6.44714898119701	-0.7416124464103828	0.6708285767088392	0.0	-0.6708285767088392	-0.7416124464103828	0.0	0.0	0.0	1.0	0.38
3.079305596450029	6.437028156045326	-0.783266117334172	0.6216865684862841	0.0	-0.6216865684862841	-0.783266117334172	0.0	0.0	0.0	1.0	0.39
3.0778405351053744	6.426309592750569	-0.8216098473172121	0.5700502247972432	0.0	-0.5700502247972432	-0.8216098473172121	0.0	0.0	0.0	1.0	0.4
3.0764854748194073	6.415035578676979	-0.8564981722426255	0.5161500566163313	0.0	-0.5161500566163313	-0.8564981722426255	0.0	0.0	0.0	1.0	0.41000000000000003
3.0752457494518097	6.403250571833904	-0.8878025750571047	0.4602244970902505	0.0	-0.4602244970902505	-0.8878025750571047	0.0	0.0	0.0	1.0	0.42000000000000004
3.0741262381359817	6.391001024375517	-0.9154118281961526	0.4025185521172626	0.0	-0.4025185521172626	-0.9154118281961526	0.0	0.0	0.0	1.0	0.43000000000000005
3.0731313462517487	6.378335198925527	-0.9392322177079724	0.3432824510798124	0.0	-0.3432824510798124	-0.9392322177079724	0.0	0.0	0.0	1.0	0.44000000000000006
3.0722649882679396	6.365302978473765	-0.9591876522786301	0.28277030911361584	0.0	-0.28277030911361584	-0.9591876522786301	0.0	0.0	0.0	1.0	0.45000000000000007
3.071530572515363	6.351955670591878	-0.975219661531088	0.22123881161132253	0.0	-0.22123881161132253	-0.975219661531088	0.0	0.0	0.0	1.0	0.4600000000000001
3.0709309879432136	6.338345806712891	-0.9872872890227611	0.15894593085098757	0.0	-0.15894593085098757	-0.9872872890227611	0.0	0.0	0.0	1.0	0.4700000000000001
3.0704685929045468	6.324526937214903	-0.9953668862881484	0.0961496837282185	0.0	-0.0961496837282185	-0.9953668862881484	0.0	0.0	0.0	1.0	0.48
3.070145206009051	6.310553423043613	-0.999451815055692	0.033106938576119745	0.0	-0.033106938576119745	-0.999451815055692	0.0	0.0	0.0	1.0	0.49
3.0699620990740377	6.296480224602417	-0.9995520654052347	-0.029927722000336596	0.0	0.029927722000336596	-0.9995520654052347	0.0	0.0	0.0	1.0	0.5
3.0699199921973137	6.2823626886333	-0.9956937981211788	-0.0927030764485259	0.0	0.0927030764485259	-0.9956937981211788	0.0	0.0	0.0	1.0	0.51
3.0700190509683716	6.268256333807162	-0.9879188198364889	-0.1549722730454681	0.0	0.1549722730454681	-0.9879188198364889	0.0	0.0	0.0	1.0	0.52
3.0702588858271853	6.2542166357391	-0.9762839997564606	-0.216493768546643	0.0	0.216493768546643	-0.9762839997564606	0.0	0.0	0.0	1.0	0.53
3.0706385535727367	6.240298812142723	-0.9608606368035802	-0.2770321942327612	0.0	0.2770321942327612	-0.9608606368035802	0.0	0.0	0.0	1.0	0.54
3.071156561016258	6.22655760883807	-0.9417337859428636	-0.3363591479560514	0.0	0.3363591479560514	-0.9417337859428636	0.0	0.0	0.0	1.0	0.55
3.0718108707670266	6.213047087329961	-0.9190015522396843	-0.3942539118145196	0.0	0.3942539118145196	-0.9190015522396843	0.0	0.0	0.0	1.0	0.56
3.0725989091313646	6.1998204146775135	-0.8927743608797392	-0.45050409604772	0.0	0.45050409604772	-0.8927743608797392	0.0	0.0	0.0	1.0	0.5700000000000001
3.0735175760982547	6.186929656380755	-0.8631742109551293	-0.5049062106391543	0.0	0.5049062106391543	-0.8631742109551293	0.0	0.0	0.0	1.0	0.5800000000000001
3.0745632573777097	6.174425573016115	-0.8303339203041826	-0.557266166918724	0.0	0.557266166918724	-0.8303339203041826	0.0	0.0	0.0	1.0	0.5900000000000001
3.075731838450686	6.162357421358641	-0.7943963680988628	-0.6073997121758752	0.0	0.6073997121758752	-0.7943963680988628	0.0	0.0	0.0	1.0	0.6000000000000001
3.077018720581925	6.150772760734112	-0.7555137412159768	-0.6551328009143169	0.0	0.6551328009143169	-0.7555137412159768	0.0	0.0	0.0	1.0	0.6100000000000001
3.0784188387396663	6.139717265348094	-0.7138467897206497	-0.7003019068983909	0.0	0.7003019068983909	-0.7138467897206497	0.0	0.0	0.0	1.0	0.6200000000000001
3.0799266813586934	6.129234543340532	-0.6695640960462258	-0.7427542805570363	0.0	0.7427542805570363	-0.6695640960462258	0.0	0.0	0.0	1.0	0.6300000000000001
3.0815363118757024	6.119365963312745	-0.622841361687159	-0.7823481566231786	0.0	0.7823481566231786	-0.622841361687159	0.0	0.0	0.0	1.0	0.6400000000000001
3.0832413919585497	6.110150489067856	-0.5738607144433292	-0.818952917095111	0.0	0.818952917095111	-0.5738607144433292	0.0	0.0	0.0	1.0	0.6500000000000001
3.08503520634357	6.101624523294968	-0.5228100384777145	-0.8524492147142438	0.0	0.8524492147142438	-0.5228100384777145	0.0	0.0	0.0	1.0	0.6600000000000001
3.086910689187948	6.093821760910995	-0.4698823286858652	-0.8827290621638944	0.0	0.8827290621638944	-0.4698823286858652	0.0	0.0	0.0	1.0	0.6700000000000002
3.0888604518370926	6.086773052751404	-0.4152750701357726	-0.9096958921110555	0.0	0.9096958921110555	-0.4152750701357726	0.0	0.0	0.0	1.0	0.6800000000000002
3.090876811900205	6.080506280271801	-0.3591896426302006	-0.9332645930427174	0.0	0.9332645930427174	-0.3591896426302006	0.0	0.0	0.0	1.0	0.6900000000000002
3.0929518235207865	6.075046241885868	-0.3018307497792099	-0.9533615255965179	0.0	0.9533615255965179	-0.3018307497792099	0.0	0.0	0.0	1.0	0.7000000000000002
3.0950773087227987	6.070414551521724	-0.24340587135630368	-0.9699245237590802	0.0	0.9699245237590802	-0.24340587135630368	0.0	0.0	0.0	1.0	0.71
3.0972448897076266	6.066629549928195	-0.1841247371543523	-0.9829028849117499	0.0	0.9829028849117499	-0.1841247371543523	0.0	0.0	0.0	1.0	0.72
3.099446021971945	6.063706229205201	-0.1241988200632816	-0.9922573522503568	0.0	0.9922573522503568	-0.1241988200632816	0.0	0.0	0.0	1.0	0.73
3.1016720281121977	6.0616561709688455	-0.06384084566550796	-0.9979600926012587	0.0	0.9979600926012587	-0.06384084566550796	0.0	0.0	0.0	1.0	0.74
3.1039141321775983	6.06048749849255	-0.003264315291676017	-0.9999946721086451	0.0	0.9999946721086451	-0.003264315291676017	0.0	0.0	0.0	1.0	0.75
3.1061634944305556	6.060204843091524	0.05731696079831369	-0.9983560316865144	0.0	0.9983560316865144	0.05731696079831369	0.0	0.0	0.0	1.0	0.76
3.108411246371118	6.06080932493991	0.11768932364302229	-0.9930504635215917	0.0	0.9930504635215917	0.11768932364302229	0.0	0.0	0.0	1.0	0.77
3.1106485258805456	6.062298548429268	0.17763972286870508	-0.9840955892895413	0.0	0.9840955892895413	0.17763972286870508	0.0	0.0	0.0	1.0	0.78
3.112866512338454	6.064666612094751	0.2369561747302682	-0.9715203401150172	0.0	0.9715203401150172	0.2369561747302682	0.0	0.0	0.0	1.0	0.79
3.115056461568111	6.067904133052639	0.29542822455008294	-0.9553649376752247	0.0	0.9553649376752247	0.29542822455008294	0.0	0.0	0.0	1.0	0.8
3.1172097404654484	6.071998285811023	0.35284741707575445	-0.9356808752256127	0.0	0.9356808752256127	0.35284741707575445	0.0	0.0	0.0	1.0	0.81
3.1193178611691263	6.076932855235625	0.40900777807325306	-0.9125308967238208	0.0	0.9125308967238208	0.40900777807325306	0.0	0.0	0.0	1.0	0.8200000000000001
3.1213725146315565	6.0826883033760915	0.46370631018958725	-0.8859889716527843	0.0	0.8859889716527843	0.46370631018958725	0.0	0.0	0.0	1.0	0.8300000000000001
3.123365603454101	6.089241849785674	0.5167435057622826	-0.8561402626045022	0.0	0.8561402626045022	0.5167435057622826	0.0	0.0	0.0	1.0	0.8400000000000001
3.1252892738536646	6.096567564899929	0.5679238788250425	-0.8230810821907636	0.0	0.8230810821907636	0.5679238788250425	0.0	0.0	0.0	1.0	0.8500000000000001
3.1271359466325537	6.104636475978674	0.6170565180645702	-0.7869188354042803	0.0	0.7869188354042803	0.6170565180645702	0.0	0.0	0.0	1.0	0.8600000000000001
3.1288983470287133	6.1134166850605665	0.6639556619280031	-0.7477719431710094	0.0	0.7477719431710094	0.6639556619280031	0.0	0.0	0.0	1.0	0.8700000000000001
3.1305695333291887	6.122873498331627	0.7084412964699167	-0.7057697425194875	0.0	0.7057697425194875	0.7084412964699167	0.0	0.0	0.0	1.0	0.8800000000000001
3.1321429241358567	6.132969566268172	0.7503397758694673	-0.6610523585527531	0.0	0.6610523585527531	0.7503397758694673	0.0	0.0	0.0	1.0	0.8900000000000001
3.133612324179041	6.1436650338807715	0.7894844648499132	-0.613770543249386	0.0	0.613770543249386	0.7894844648499132	0.0	0.0	0.0	1.0	0.9000000000000001
3.1349719485814735	6.154917700359003	0.8257164015032618	-0.564085476048182	0.0	0.564085476048182	0.8257164015032618	0.0	0.0	0.0	1.0	0.9100000000000001
3.136216445482201	6.16668318739645	0.8588849782718215	-0.5121685211910361	0.0	0.5121685211910361	0.8588849782718215	0.0	0.0	0.0	1.0	0.9200000000000002
3.137340916937269	6.178915115461129	0.8888486380764419	-0.45820093691485886	0.0	0.45820093691485886	0.8888486380764419	0.0	0.0	0.0	1.0	0.9300000000000002
3.138340938021442	6.191565287267658	0.9154755818194557	-0.4023735317989109	0.0	0.4023735317989109	0.9154755818194557	0.0	0.0	0.0	1.0	0.9400000000000002
3.139212574062663	6.204583877703272	0.9386444827406878	-0.3448862638906727	0.0	0.3448862638906727	0.9386444827406878	0.0	0.0	0.0	1.0	0.9500000000000002
3.139952395948409	6.217919629459307	0.9582452023798762	-0.2859477786518895	0.0	0.2859477786518895	0.9582452023798762	0.0	0.0	0.0	1.0	0.96
3.1405574934506233	6.231520053622302	0.9741795022113847	-0.22577488228582623	0.0	0.22577488228582623	0.9741795022113847	0.0	0.0	0.0	1.0	0.97
3.1410254865232767	6.245331634483362	0.9863617443803977	-0.16459194762460022	0.0	0.16459194762460022	0.9863617443803977	0.0	0.0	0.0	1.0	0.98
3.14135453453403	6.259300037830115	0.9947195743972168	-0.10263025046749098	0.0	0.10263025046749098	0.9947195743972168	0.0	0.0	0.0	1.0	0.99
3.1415433433987867	6.27337032199164	0.9991945781509817	-0.040127235061512265	0.0	0.040127235061512265	0.9991945781509817	0.0	0.0	0.0	1.0	1.0
3.1415911705951745	6.287487150912476	0.999742905199	0.022674291703672245	0.0	-0.022674291703672245	0.999742905199	0.0	0.0	0.0	1.0	1.0099999999999998
3.1414978280382297	6.301595008536537	0.9963358499850702	0.08552703686278315	0.0	-0.08552703686278315	0.9963358499850702	0.0	0.0	0.0	1.0	1.02
3.141263682808705	6.31563841378517	0.9889603824510118	0.14818016716939095	0.0	-0.14818016716939095	0.9889603824510118	0.0	0.0	0.0	1.0	1.0299999999999998
3.140889655731591	6.329562135415172	0.977619619440174	0.2103803215266331	0.0	-0.2103803215266331	0.977619619440174	0.0	0.0	0.0	1.0	1.04
3.140377217809571	6.343311406042378	0.9623332283585234	0.27187268637555706	0.0	-0.27187268637555706	0.9623332283585234	0.0	0.0	0.0	1.0	1.0499999999999998
3.139728384523285	6.356832134614389	0.943137754764769	0.33240212926103585	0.0	-0.33240212926103585	0.943137754764769	0.0	0.0	0.0	1.0	1.06
3.138945708017464	6.370071116612261	0.920086865910519	0.3917143846975226	0.0	-0.3917143846975226	0.920086865910519	0.0	0.0	0.0	1.0	1.0699999999999998
3.1380322671992187	6.382976241256058	0.8932515027469153	0.44955728538238315	0.0	-0.44955728538238315	0.8932515027469153	0.0	0.0	0.0	1.0	1.08
3.136991655782058	6.395496694983337	0.8627199335552819	0.5056820307726686	0.0	-0.5056820307726686	0.8627199335552819	0.0	0.0	0.0	1.0	1.0899999999999999
3.1358279683165495	6.407583160463831	0.8285977031428292	0.5598444840725217	0.0	-0.5598444840725217	0.8285977031428292	0.0	0.0	0.0	1.0	1.1
3.1345457842559274	6.419188010408217	0.7910074724644462	0.6118064877928384	0.0	-0.6118064877928384	0.7910074724644462	0.0	0.0	0.0	1.0	1.1099999999999999
3.133150150112419	6.43026549542507	0.7500887445788602	0.6613371872623748	0.0	-0.6613371872623748	0.7500887445788602	0.0	0.0	0.0	1.0	1.12
3.1316465597675074	6.4407719251785265	0.7059974740100766	0.708214350808702	0.0	-0.708214350808702	0.7059974740100766	0.0	0.0	0.0	1.0	1.13
3.1300409330068555	6.450665842100792	0.6589055578478454	0.7522256748059187	0.0	-0.7522256748059187	0.6589055578478454	0.0	0.0	0.0	1.0	1.1400000000000001
3.1283395923580257	6.459908186919355	0.6090002082664194	0.7931700614190237	0.0	-0.7931700614190237	0.6090002082664194	0.0	0.0	0.0	1.0	1.15
3.1265492383165103	6.468462455269314	0.556483207548599	0.8308588566756828	0.0	-0.8308588566756828	0.556483207548599	0.0	0.0	0.0	1.0	1.1599999999999997
3.1246769230528066	6.47629484467737	0.5015700481498269	0.8651170364748231	0.0	-0.8651170364748231	0.5015700481498269	0.0	0.0	0.0	1.0	1.17
3.1227300227002988	6.483374391226442	0.44448896180052266	0.8957843283053648	0.0	-0.8957843283053648	0.44448896180052266	0.0	0.0	0.0	1.0	1.1799999999999997
3.120716208330497	6.489673095238881	0.3854798430986165	0.922716256800901	0.0	-0.922716256800901	0.3854798430986165	0.0	0.0	0.0	1.0	1.19
3.118643415728635	6.495166035352315	0.3247930744621807	0.9457851017971284	0.0	-0.9457851017971284	0.3247930744621807	0.0	0.0	0.0	1.0	1.1999999999999997
3.116519814088663	6.49983147040529	0.26268826066772105	0.9648807582843424	0.0	-0.9648807582843424	0.26268826066772105	0.0	0.0	0.0	1.0	1.21
3.1143537737522955	6.503650928600031	0.19943288246749438	0.9799114885491989	0.0	-0.9799114885491989	0.19943288246749438	0.0	0.0	0.0	1.0	1.2199999999999998
3.112153833121796	6.506609283466617	0.13530087993416468	0.9908045578665051	0.0	-0.9908045578665051	0.13530087993416468	0.0	0.0	0.0	1.0	1.23
3.109928664880646	6.508694816216077	0.07057117720056874	0.9975067463172999	0.0	-0.9975067463172999	0.07057117720056874	0.0	0.0	0.0	1.0	1.2399999999999998
3.1076870416600277	6.509899264138822	0.00552616112538058	0.9999847306550318	0.0	-0.9999847306550318	0.00552616112538058	0.0	0.0	0.0	1.0	1.25
3.10543780129213	6.510217854778589	-0.059549872895321085	0.9982253315951019	0.0	-0.9982253315951019	-0.059549872895321085	0.0	0.0	0.0	1.0	1.2599999999999998
3.1031898117935977	6.5096493256896855	-0.12437229424987076	0.9922356234398277	0.0	-0.9922356234398277	-0.12437229424987076	0.0	0.0	0.0	1.0	1.27
3.100951936223958	6.5081959296657805	-0.18865771554351604	0.9820429045443493	0.0	-0.9820429045443493	-0.18865771554351604	0.0	0.0	0.0	1.0	1.2799999999999998
3.0987329975645967	6.505863425410598	-0.2521255620224945	0.9676945287511144	0.0	-0.9676945287511144	-0.2521255620224945	0.0	0.0	0.0	1.0	1.29
3.096541743763696	6.502661053703376	-0.3144996179816623	0.9492575995426049	0.0	-0.9492575995426049	-0.3144996179816623	0.0	0.0	0.0	1.0	1.2999999999999998
3.0943868130916488	6.498601499193739	-0.3755095364645109	0.9268185302550916	0.0	-0.9268185302550916	-0.3755095364645109	0.0	0.0	0.0	1.0	1.31
3.0922766999496827	6.493700838040388	-0.4348922990803603	0.9004824752323604	0.0	-0.9004824752323604	-0.4348922990803603	0.0	0.0	0.0	1.0	1.3199999999999998
3.0902197212719162	6.487978471684653	-0.4923936134684954	0.8703726382506736	0.0	-0.8703726382506736	-0.4923936134684954	0.0	0.0	0.0	1.0	1.33
3.088223983657777	6.481457047122424	-0.5477692368184096	0.8366294658899942	0.0	-0.8366294658899942	-0.5477692368184096	0.0	0.0	0.0	1.0	1.3399999999999999
3.0862973513677305	6.474162364105368	-0.6007862148918317	0.7994097347392923	0.0	-0.7994097347392923	-0.6007862148918317	0.0	0.0	0.0	1.0	1.35
3.0844474153106565	6.466123269763865	-0.6512240271648491	0.7588855423864629	0.0	-0.7588855423864629	-0.6512240271648491	0.0	0.0	0.0	1.0	1.3599999999999999
3.082681463145975	6.457371541199144	-0.6988756299945098	0.715243213039996	0.0	-0.715243213039996	-0.6988756299945098	0.0	0.0	0.0	1.0	1.37
3.081006450617924	6.447941756640346	-0.7435483910886028	0.6686821293481306	0.0	-0.6686821293481306	-0.7435483910886028	0.0	0.0	0.0	1.0	1.38
3.079428974233193	6.4378711558033395	-0.7850649099941499	0.6194135025133674	0.0	-0.6194135025133674	-0.7850649099941499	0.0	0.0	0.0	1.0	1.3900000000000001
3.077955245386577	6.427199490122205	-0.8232637207926147	0.5676590931419135	0.0	-0.5676590931419135	-0.8232637207926147	0.0	0.0	0.0	1.0	1.4
3.076591066032466	6.415968863551387	-0.8579998746717299	0.5136498954183637	0.0	-0.5136498954183637	-0.8579998746717299	0.0	0.0	0.0	1.0	1.4099999999999997
3.075341805992869	6.404223564657127	-0.889145401509099	0.45762479715944493	0.0	-0.45762479715944493	-0.889145401509099	0.0	0.0	0.0	1.0	1.42
3.0742123819854292	6.392009890731278	-0.9165896510270217	0.39982922808389426	0.0	-0.39982922808389426	-0.9165896510270217	0.0	0.0	0.0	1.0	1.4299999999999997
3.073207238447467	6.379375964669707	-0.9402395154383756	0.3405138082489588	0.0	-0.3405138082489588	-0.9402395154383756	0.0	0.0	0.0	1.0	1.44
3.0723303302246787	6.366371545362006	-0.9600195367793136	0.2799330080609146	0.0	-0.2799330080609146	-0.9600195367793136	0.0	0.0	0.0	1.0	1.4499999999999997
3.071585107185588	6.353047832339794	-0.9758719032979603	0.2183438305829057	0.0	-0.2183438305829057	-0.9758719032979603	0.0	0.0	0.0	1.0	1.46
3.070974500815422	6.3394572654286865	-0.9877563403238468	0.15600452605626838	0.0	-0.15600452605626838	-0.9877563403238468	0.0	0.0	0.0	1.0	1.4699999999999998
3.0705009128356253	6.325653320144611	-0.9956499019683208	0.09317334764015578	0.0	-0.09317334764015578	-0.9956499019683208	0.0	0.0	0.0	1.0	1.48
3.0701662058878463	6.311690299569619	-0.9995466707922425	0.030107356379203122	0.0	-0.030107356379203122	-0.9995466707922425	0.0	0.0	0.0	1.0	1.4899999999999998
3.0699716963139108	6.297623123436441	-0.9994573732178897	-0.032938717649536035	0.0	0.032938717649536035	-0.9994573732178897	0.0	0.0	0.0	1.0	1.5
3.0699181490560243	6.283507115145404	-0.9954089189538654	-0.09571355216006264	0.0	0.09571355216006264	-0.9954089189538654	0.0	0.0	0.0	1.0	1.5099999999999998
3.070005774694232	6.269397787432686	-0.9874438730447433	-0.1579702427243715	0.0	0.1579702427243715	-0.9874438730447433	0.0	0.0	0.0	1.0	1.52
3.0702342286309934	6.255350627405617	-0.9756198693535287	-0.2194672424818873	0.0	0.2194672424818873	-0.9756198693535287	0.0	0.0	0.0	1.0	1.5299999999999998
3.070602612425586	6.241420881659148	-0.9600089743396244	-0.279969229000943	0.0	0.279969229000943	-0.9600089743396244	0.0	0.0	0.0	1.0	1.54
3.0711094772738914	6.227663342187959	-0.9406970099148919	-0.33924789687952633	0.0	0.33924789687952633	-0.9406970099148919	0.0	0.0	0.0	1.0	1.5499999999999998
3.0717528296219934	6.214132133810771	-0.9177828439544407	-0.3970826757023014	0.0	0.3970826757023014	-0.9177828439544407	0.0	0.0	0.0	1.0	1.56
3.0725301388948116	6.200880503827254	-0.8913776567174567	-0.453261373938808	0.0	0.453261373938808	-0.8913776567174567	0.0	0.0	0.0	1.0	1.5699999999999998
3.073438347313778	6.187960614632968	-0.8616041910083394	-0.5075807502623253	0.0	0.5075807502623253	-0.8616041910083394	0.0	0.0	0.0	1.0	1.58
3.0744738817702846	6.17542334002366	-0.8285959933923427	-0.5598470145800162	0.0	0.5598470145800162	-0.8285959933923427	0.0	0.0	0.0	1.0	1.5899999999999999
3.075632667714291	6.163318065926282	-0.7924966531860143	-0.6098762617850988	0.0	0.6098762617850988	-0.7924966531860143	0.0	0.0	0.0	1.0	1.6
3.076910145010073	6.1516924962994946	-0.7534590452847193	-0.6574948418646638	0.0	0.6574948418646638	-0.7534590452847193	0.0	0.0	0.0	1.0	1.6099999999999999
3.078301285703665	6.140592464950495	-0.7116445821810422	-0.7025396705185908	0.0	0.7025396705185908	-0.7116445821810422	0.0	0.0	0.0	1.0	1.62
3.079800613639065	6.130061754016715	-0.6672224797826389	-0.7448584848632027	0.0	0.7448584848632027	-0.6672224797826389	0.0	0.0	0.0	1.0	1.63
3.0814022258527927	6.120141919859556	-0.6203690408693031	-0.7843100491074311	0.0	0.7843100491074311	-0.6203690408693031	0.0	0.0	0.0	1.0	1.6400000000000001
3.0830998156689566	6.11087212711183	-0.5712669592495843	-0.8207643152999122	0.0	0.8207643152999122	-0.5712669592495843	0.0	0.0	0.0	1.0	1.65
3.0848866974096234	6.102288991610303	-0.520104646899258	-0.8541025443550665	0.0	0.8541025443550665	-0.520104646899258	0.0	0.0	0.0	1.0	1.6600000000000001
3.086755832628035	6.0944264329287785	-0.4670755855989402	-0.8842173925779832	0.0	0.8842173925779832	-0.4670755855989402	0.0	0.0	0.0	1.0	1.67
3.0886998577652016	6.087315537205084	-0.41237770384655936	-0.911012968826591	0.0	0.911012968826591	-0.41237770384655936	0.0	0.0	0.0	1.0	1.6799999999999997
3.0907111131235774	6.080984430926503	-0.356212779112271	-0.9344048672802987	0.0	0.9344048672802987	-0.356212779112271	0.0	0.0	0.0	1.0	1.69
3.092781673045096	6.075458166302404	-0.298785864837269	-0.9543201805334754	0.0	0.9543201805334754	-0.298785864837269	0.0	0.0	0.0	1.0	1.6999999999999997
3.0949033771747327	6.070758618809899	-0.24030474096198084	-0.9706974974064759	0.0	0.9706974974064759	-0.24030474096198084	0.0	0.0	0.0	1.0	1.71
3.0970678626851837	6.06690439744839	-0.18097938621020196	-0.9834868894738652	0.0	0.9834868894738652	-0.18097938621020196	0.0	0.0	0.0	1.0	1.7199999999999998
3.0992665973331524	6.063910768182087	-0.12102146985980863	-0.992649889856928	0.0	0.992649889856928	-0.12102146985980863	0.0	0.0	0.0	1.0	1.73
3.1014909132132726	6.061789590986455	-0.06064386030318232	-0.9981594673234975	0.0	0.9981594673234975	-0.06064386030318232	0.0	0.0	0.0	1.0	1.7399999999999998
3.10373204107188	6.060549270845758	-6.0147345340019634e-05	-0.9999999981911485	0.0	0.9999999981911485	-6.0147345340019634e-05	0.0	0.0	0.0	1.0	1.75
3.1059811450397254	6.060194722975111	0.060515825091241246	-0.9981672379483942	0.0	0.9981672379483942	0.060515825091241246	0.0	0.0	0.0	1.0	1.7599999999999998
3.1082293576404028	6.060727352462852	0.12087041938675676	-0.9926682939014772	0.0	0.9926682939014772	0.12087041938675676	0.0	0.0	0.0	1.0	1.77
3.1104678149296823	6.0621450484484924	0.18079066142095526	-0.9835215995304697	0.0	0.9835215995304697	0.18079066142095526	0.0	0.0	0.0	1.0	1.7799999999999998
3.112687691620214	6.064442192869306	0.2400646982375663	-0.9707568906065547	0.0	0.9707568906065547	0.2400646982375663	0.0	0.0	0.0	1.0	1.79
3.1148802360461483	6.067609683725902	0.29848225982438387	-0.9544151824914192	0.0	0.9544151824914192	0.29848225982438387	0.0	0.0	0.0	1.0	1.7999999999999998
3.117036804823115	6.0716349727351595	0.35583512853363963	-0.9345487474184792	0.0	0.9345487474184792	0.35583512853363963	0.0	0.0	0.0	1.0	1.81
3.119148897060736	6.076502117158869	0.4119176194640184	-0.9112210899529797	0.0	0.9112210899529797	0.4119176194640184	0.0	0.0	0.0	1.0	1.8199999999999998
3.1212081879873383	6.082191845519482	0.4665270748450256	-0.8845069182525053	0.0	0.8845069182525053	0.4665270748450256	0.0	0.0	0.0	1.0	1.83
3.1232065618497815	6.08868163684158	0.5194643751089585	-0.8544921082097009	0.0	0.8544921082097009	0.5194643751089585	0.0	0.0	0.0	1.0	1.8399999999999999
3.125136143955279	6.095945812989929	0.5705344689094765	-0.8212736570633333	0.0	0.8212736570633333	0.5705344689094765	0.0	0.0	0.0	1.0	1.85
3.1269893317266817	6.103955643613102	0.6195469238528881	-0.7849596226204401	0.0	0.7849596226204401	0.6195469238528881	0.0	0.0	0.0	1.0	1.8599999999999999
3.1287588246478895	6.11267946314623	0.6663164991544166	-0.7456690438489467	0.0	0.7456690438489467	0.6663164991544166	0.0	0.0	0.0	1.0	1.87
3.1304376529817577	6.122082799277831	0.7106637408227602	-0.7035318382843814	0.0	0.7035318382843814	0.7106637408227602	0.0	0.0	0.0	1.0	1.88
3.1320192051490268	6.132128512244235	0.7524155993195709	-0.65868867145304	0.0	0.65868867145304	0.7524155993195709	0.0	0.0	0.0	1.0	1.8900000000000001
3.1334972536633385	6.142776944280687	0.7914060689436674	-0.6112907933538106	0.0	0.6112907933538106	0.7914060689436674	0.0	0.0	0.0	1.0	1.9
3.13486597952425	6.1539860785308464	0.8274768474619297	-0.5614998369674441	0.0	0.5614998369674441	0.8274768474619297	0.0	0.0	0.0	1.0	1.9100000000000001
3.1361199949772396	6.165711706695521	0.8604780137592848	-0.5094875737806333	0.0	0.5094875737806333	0.8604780137592848	0.0	0.0	0.0	1.0	1.92
3.1372543645569637	6.1779076046867845	0.8902687205196408	-0.4554356214266971	0.0	0.4554356214266971	0.8902687205196408	0.0	0.0	0.0	1.0	1.9299999999999997
3.138264624337411	6.190525715544323	0.9167178981890545	-0.39953509875834736	0.0	0.39953509875834736	0.9167178981890545	0.0	0.0	0.0	1.0	1.94
3.139146799320045	6.203516338866286	0.9397049657239105	-0.34198622398252254	0.0	0.34198622398252254	0.9397049657239105	0.0	0.0	0.0	1.0	1.9499999999999997
3.139897418898507	6.216828326006205	0.9591205429027222	-0.2829978519034861	0.0	0.2829978519034861	0.9591205429027222	0.0	0.0	0.0	1.0	1.96
3.1405135303459293	6.230409280289831	0.9748671582933331	-0.2227869468372896	0.0	0.2227869468372896	0.9748671582933331	0.0	0.0	0.0	1.0	1.9699999999999998
3.140992710278328	6.244205761510108	0.9868599463310027	-0.16157798837580115	0.0	0.16157798837580115	0.9868599463310027	0.0	0.0	0.0	1.0	1.98
3.141333074054952	6.258163493964125	0.9950273263902909	-0.09960230788786781	0.0	0.09960230788786781	0.9950273263902909	0.0	0.0	0.0	1.0	1.9899999999999998
3.1415332830837706	6.272227577301965	0.9993116562381126	-0.03709735444260844	0.0	0.03709735444260844	0.9993116562381126	0.0	0.0	0.0	1.0	2.0
3.1415925500075734	6.286342699463089	0.9996698518495044	0.02569411028212457	0.0	-0.02569411028212457	0.9996698518495044	0.0	0.0	0.0	1.0	2.0100000000000007
3.1415106417533503	6.3004533509807725	0.9960739652638271	0.08852488759437277	0.0	-0.08852488759437277	0.9960739652638271	0.0	0.0	0.0	1.0	2.0199999999999996
3.1412878804348137	6.314504039938611	0.9885117119685167	0.15114428636594993	0.0	-0.15114428636594993	0.9885117119685167	0.0	0.0	0.0	1.0	2.0300000000000002
3.1409251421050604	6.32843950686482	0.9769869392302583	0.21329913401955392	0.0	-0.21329913401955392	0.9769869392302583	0.0	0.0	0.0	1.0	2.04
3.140423853363518	6.342204938850088	0.961520026858067	0.2747348502663287	0.0	-0.2747348502663287	0.961520026858067	0.0	0.0	0.0	1.0	2.05
3.1397859858284716	6.355746182172724	0.9421482120861172	0.3351965788353647	0.0	-0.3351965788353647	0.9421482120861172	0.0	0.0	0.0	1.0	2.0600000000000005
3.1390140484936473	6.369009952711308	0.9189258306108092	0.39443037134104464	0.0	-0.39443037134104464	0.9189258306108092	0.0	0.0	0.0	1.0	2.0699999999999994
3.1381110779945525	6.381944043420181	0.8919244663088965	0.4521844163608364	0.0	-0.4521844163608364	0.8919244663088965	0.0	0.0	0.0	1.0	2.08
3.1370806268175495	6.394497528137312	0.861233002801289	0.508210305765118	0.0	-0.508210305765118	0.861233002801289	0.0	0.0	0.0	1.0	2.09
3.1359267494919796	6.406620960988292	0.826957570807101	0.5622643293725991	0.0	-0.5622643293725991	0.826957570807101	0.0	0.0	0.0	1.0	2.1000000000000005
3.1346539868130505	6.418266570644713	0.7892213861490613	0.6141087881189734	0.0	-0.6141087881189734	0.7892213861490613	0.0	0.0	0.0	1.0	2.1099999999999994
3.1332673481506332	6.4293884486912924	0.7481644743150297	0.6635133151436491	0.0	-0.6635133151436491	0.7481644743150297	0.0	0.0	0.0	1.0	2.12
3.1317722919066067	6.4399427313542414	0.7039432786396945	0.7102561935372317	0.0	-0.7102561935372317	0.7039432786396945	0.0	0.0	0.0	1.0	2.13
3.130174704190841	6.4498877738448055	0.6567301504299999	0.7541256589695047	0.0	-0.7541256589695047	0.6567301504299999	0.0	0.0	0.0	1.0	2.1400000000000006
3.1284808757933806	6.459184316577143	0.6067127207006093	0.7949211750482336	0.0	-0.7949211750482336	0.6067127207006093	0.0	0.0	0.0	1.0	2.1499999999999995
3.126697477537729	6.467795642529938	0.5540931545907134	0.832454669057548	0.0	-0.832454669057548	0.5540931545907134	0.0	0.0	0.0	1.0	2.16
3.124831534107402	6.475687725036747	0.4990872909793317	0.8665517157001722	0.0	-0.8665517157001722	0.4990872909793317	0.0	0.0	0.0	1.0	2.17
3.1228903964449453	6.482829365311976	0.44192367127784166	0.8970526566285361	0.0	-0.8970526566285361	0.44192367127784166	0.0	0.0	0.0	1.0	2.1800000000000006
3.120881712829432	6.4891923190478735	0.382842462831518	0.9238136438985397	0.0	-0.9238136438985397	0.382842462831518	0.0	0.0	0.0	1.0	2.1899999999999995
3.1188133987449214	6.494751411453364	0.3220942837790387	0.9467075960173067	0.0	-0.9467075960173067	0.3220942837790387	0.0	0.0	0.0	1.0	2.2
3.1166936056584653	6.49948464014813	0.2599389375751357	0.9656250559778934	0.0	-0.9656250559778934	0.2599389375751357	0.0	0.0	0.0	1.0	2.21
3.1145306888318585	6.503373265374974	0.1966440666497844	0.9804749415724173	0.0	-0.9804749415724173	0.1966440666497844	0.0	0.0	0.0	1.0	2.2200000000000006
3.112333174296448	6.506401887049852	0.13248373583414147	0.9911851793380637	0.0	-0.9911851793380637	0.13248373583414147	0.0	0.0	0.0	1.0	2.2299999999999995
3.110109725124805	6.50855850823177	0.06773695720445463	0.9977032147029906	0.0	-0.9977032147029906	0.06773695720445463	0.0	0.0	0.0	1.0	2.24
3.1078691071369073	6.509834584663181	0.002686168861103818	0.9999963922419169	0.0	-0.9999963922419169	0.002686168861103818	0.0	0.0	0.0	1.0	2.25
3.105620154181622	6.5102250601049025	-0.06238431914837986	0.9980522014025084	0.0	-0.9980522014025084	-0.06238431914837986	0.0	0.0	0.0	1.0	2.2600000000000007
3.103371733136645	6.5097283872669625	-0.12718989804901773	0.9918783845987775	0.0	-0.9918783845987775	-0.12718989804901773	0.0	0.0	0.0	1.0	2.2699999999999996
3.10113270877165	6.508346534217001	-0.19144723868247498	0.981502906160168	0.0	-0.981502906160168	-0.19144723868247498	0.0	0.0	0.0	1.0	2.2800000000000002
3.098911908620177	6.506084976229896	-0.25487586085673847	0.9669737822467249	0.0	-0.9669737822467249	-0.25487586085673847	0.0	0.0	0.0	1.0	2.29
3.096718088005725	6.50295267312482	-0.3171996796904772	0.9483587734630068	0.0	-0.9483587734630068	-0.3171996796904772	0.0	0.0	0.0	1.0	2.3000000000000007
3.0945598953666638	6.498962032217792	-0.37814851525402987	0.9257449434974909	0.0	-0.9257449434974909	-0.37814851525402987	0.0	0.0	0.0	1.0	2.3099999999999996
3.092445838022869	6.494128857097758	-0.4374595523220499	0.8992380886518273	0.0	-0.8992380886518273	-0.4374595523220499	0.0	0.0	0.0	1.0	2.3200000000000003
3.0903842485245465	6.4884722825112044	-0.4948787377544135	0.8689620445788172	0.0	-0.8689620445788172	-0.4948787377544135	0.0	0.0	0.0	1.0	2.33
3.088383251720448	6.482014695713099	-0.5501621038991993	0.8350578778942253	0.0	-0.8350578778942253	-0.5501621038991993	0.0	0.0	0.0	1.0	2.34
3.0864507326788	6.474781644709824	-0.6030770074456339	0.7976829715434691	0.0	-0.7976829715434691	-0.6030770074456339	0.0	0.0	0.0	1.0	2.3500000000000005
3.084594305589657	6.466801733881786	-0.6534032743262488	0.7570100138701845	0.0	-0.7570100138701845	-0.6534032743262488	0.0	0.0	0.0	1.0	2.3599999999999994
3.082821283772239	6.45810650752896	-0.7009342425525442	0.7132259022338513	0.0	-0.7132259022338513	-0.7009342425525442	0.0	0.0	0.0	1.0	2.37
3.081138650905131	6.44873032193147	-0.745477696242417	0.6665305727459908	0.0	-0.6665305727459908	-0.745477696242417	0.0	0.0	0.0	1.0	2.38
3.07955303359106	6.438710206558941	-0.7868566855349444	0.617135768230105	0.0	-0.617135768230105	-0.7868566855349444	0.0	0.0	0.0	1.0	2.3900000000000006
3.0780706753614737	6.428085715097046	-0.8249102285613098	0.5652637568559721	0.0	-0.5652637568559721	-0.8249102285613098	0.0	0.0	0.0	1.0	2.3999999999999995
3.076697412219273	6.41689876698731	-0.8594938931242768	0.5111460140528088	0.0	-0.5111460140528088	-0.8594938931242768	0.0	0.0	0.0	1.0	2.41
3.075438649811014	6.405193480197341	-0.8904802572057423	0.4550218802725811	0.0	-0.4550218802725811	-0.8904802572057423	0.0	0.0	0.0	1.0	2.42
3.0742993423125933	6.393015995953615	-0.9177592488488977	0.39713720696039934	0.0	-0.39713720696039934	-0.9177592488488977	0.0	0.0	0.0	1.0	2.4300000000000006
3.0732839731050965	6.380414296178495	-0.9412383673245946	0.3377430027049141	0.0	-0.3377430027049141	-0.9412383673245946	0.0	0.0	0.0	1.0	2.4399999999999995
3.0723965373100004	6.367438014377948	-0.9608427887708452	0.2770940909999074	0.0	-0.2770940909999074	-0.9608427887708452	0.0	0.0	0.0	1.0	2.45
3.0716405262454667	6.354138240727374	-0.9765153606710488	0.21544779036576672	0.0	-0.21544779036576672	-0.9765153606710488	0.0	0.0	0.0	1.0	2.46
3.071018913857983	6.3405673221008385	-0.9882164905957908	0.1530626267726369	0.0	-0.1530626267726369	-0.9882164905957908	0.0	0.0	0.0	1.0	2.4700000000000006
3.0705341451761736	6.32677865778483	-0.9959239355619635	0.09019708739626835	0.0	-0.09019708739626835	-0.9959239355619635	0.0	0.0	0.0	1.0	2.4799999999999995
3.0701881268262077	6.312826491612156	-0.9996324991526849	0.027108423741661346	0.0	-0.027108423741661346	-0.9996324991526849	0.0	0.0	0.0	1.0	2.49
3.069982219640914	6.298765701245707	-0.9993536441853652	-0.035948488889390555	0.0	0.035948488889390555	-0.9993536441853652	0.0	0.0	0.0	1.0	2.5
3.0699172333874265	6.284651585336116	-0.9951150292103919	-0.09872222971347923	0.0	0.09872222971347923	-0.9951150292103919	0.0	0.0	0.0	1.0	2.5100000000000007
3.0699934236309767	6.2705396492726475	-0.9869599774686881	-0.16096584381478793	0.0	0.16096584381478793	-0.9869599774686881	0.0	0.0	0.0	1.0	2.5199999999999996
3.07021049074527	6.256485390243195	-0.9749468871353424	-0.22243778290817873	0.0	0.22243778290817873	-0.9749468871353424	0.0	0.0	0.0	1.0	2.5300000000000002
3.070567581072729	6.242544082317612	-0.9591485917333589	-0.28290277300852773	0.0	0.28290277300852773	-0.9591485917333589	0.0	0.0	0.0	1.0	2.54
3.0710632902307573	6.228770562268699	-0.9396516795232652	-0.3421326075794396	0.0	0.3421326075794396	-0.9396516795232652	0.0	0.0	0.0	1.0	2.5500000000000007
3.0716956685530086	6.215219016847225	-0.9165557804698725	-0.3999068657665967	0.0	0.3999068657665967	-0.9165557804698725	0.0	0.0	0.0	1.0	2.5599999999999996
3.0724622286474883	6.20194277223097	-0.8899728290671132	-0.45601355629222146	0.0	0.45601355629222146	-0.8899728290671132	0.0	0.0	0.0	1.0	2.5700000000000003
3.0733599550460733	6.1889940863728095	-0.8600263108775879	-0.5102496884842622	0.0	0.5102496884842622	-0.8600263108775879	0.0	0.0	0.0	1.0	2.58
3.074385315912769	6.176423944978662	-0.8268505001275303	-0.5624217727283085	0.0	0.5624217727283085	-0.8268505001275303	0.0	0.0	0.0	1.0	2.59
3.0755342767706946	6.16428186185218	-0.7905896951040239	-0.6123462533528939	0.0	0.6123462533528939	-0.7905896951040239	0.0	0.0	0.0	1.0	2.6000000000000005
3.076802316200377	6.152615684348563	-0.7513974574428055	-0.6598498775846573	0.0	0.6598498775846573	-0.7513974574428055	0.0	0.0	0.0	1.0	2.6099999999999994
3.0781844434545094	6.141471404684054	-0.7094358606858071	-0.7047700047341602	0.0	0.7047700047341602	-0.7094358606858071	0.0	0.0	0.0	1.0	2.62
3.0796752179268507	6.130892977849674	-0.6648747527414856	-0.7469548601936722	0.0	0.7469548601936722	-0.6648747527414856	0.0	0.0	0.0	1.0	2.63
3.081268770405464	6.120922146876557	-0.617891036110852	-0.7862637391447336	0.0	0.7862637391447336	-0.617891036110852	0.0	0.0	0.0	1.0	2.6400000000000006
3.082958826033044	6.111598276195226	-0.5686679689615347	-0.8225671650857231	0.0	0.8225671650857231	-0.5686679689615347	0.0	0.0	0.0	1.0	2.6499999999999995
3.084738728889727	6.10295819382118	-0.5173944893524978	-0.8557470084012379	0.0	0.8557470084012379	-0.5173944893524978	0.0	0.0	0.0	1.0	2.66
3.0866014681065046	6.0950360430838115	-0.4642645641456261	-0.8856965702082581	0.0	0.8856965702082581	-0.4642645641456261	0.0	0.0	0.0	1.0	2.67
3.08853970541033	6.087863144593991	-0.4094765633969406	-0.9123206366341996	0.0	0.9123206366341996	-0.4094765633969406	0.0	0.0	0.0	1.0	2.6800000000000006
3.090545803995171	6.081467869117487	-0.3532326603106035	-0.9355355085136501	0.0	0.9355355085136501	-0.3532326603106035	0.0	0.0	0.0	1.0	2.6899999999999995
3.0926118586067837	6.075875521986135	-0.2957382561708099	-0.9552690112408382	0.0	0.9552690112408382	-0.2957382561708099	0.0	0.0	0.0	1.0	2.7
