3.1049341389165424	6.286207389817359	1.0	0.0	0.0	-0.0	1.0	0.0	0.0	0.0	1.0	0.0
3.141583673074763	6.290515164186105	0.9996564710506826	0.026209538082460373	0.0	-0.026209538082460373	0.9996564710506826	0.0	0.0	0.0	1.0	0.01
3.141471989494076	6.303227227431507	0.9960255377131578	0.08906811002381806	0.0	-0.08906811002381806	0.9960255377131578	0.0	0.0	0.0	1.0	0.02
3.1412334884150948	6.31587032400882	0.9884267467950745	0.1516989328245444	0.0	-0.1516989328245444	0.9884267467950745	0.0	0.0	0.0	1.0	0.03
3.14086910857603	6.328394688127505	0.9768667487255887	0.21384890748913699	0.0	-0.21384890748913699	0.9768667487255887	0.0	0.0	0.0	1.0	0.039999999999999994
3.1403802842278097	6.340751015768188	0.9613686964324508	0.2752639270223582	0.0	-0.2752639270223582	0.9613686964324508	0.0	0.0	0.0	1.0	0.05
3.1397689395559762	6.352890656666201	0.9419725166803545	0.3356900025602178	0.0	-0.3356900025602178	0.9419725166803545	0.0	0.0	0.0	1.0	0.06
3.1390374811934683	6.364765804025339	0.9187350983247594	0.3948744346069958	0.0	-0.3948744346069958	0.9187350983247594	0.0	0.0	0.0	1.0	0.07
3.1381887888503446	6.376329681286949	0.891730390936149	0.4525670225291089	0.0	-0.4525670225291089	0.891730390936149	0.0	0.0	0.0	1.0	0.08000000000000002
3.137226204093255	6.387536725277613	0.8610494078843031	0.508521304550843	0.0	-0.508521304550843	0.8610494078843031	0.0	0.0	0.0	1.0	0.09
3.1361535173142516	6.398342765057447	0.8268001287316109	0.5624958196550369	0.0	-0.5624958196550369	0.8268001287316109	0.0	0.0	0.0	1.0	0.1
3.1349749529353166	6.408705195790868	0.7891072966622111	0.6142553820313316	0.0	-0.6142553820313316	0.7891072966622111	0.0	0.0	0.0	1.0	0.11000000000000001
3.1336951529017414	6.418583146963268	0.7481121076606889	0.6635723580525954	0.0	-0.6635723580525954	0.7481121076606889	0.0	0.0	0.0	1.0	0.12
3.1323191585242753	6.427937644270935	0.7039717892385229	0.7102279352125715	0.0	-0.7102279352125715	0.7039717892385229	0.0	0.0	0.0	1.0	0.13
3.1308523907366306	6.436731764518466	0.6568590676743178	0.7540133720392669	0.0	-0.7540133720392669	0.6568590676743178	0.0	0.0	0.0	1.0	0.14
3.1293006288415457	6.444930782868385	0.6069615239686573	0.794731217721844	0.0	-0.794731217721844	0.6069615239686573	0.0	0.0	0.0	1.0	0.15000000000000002
3.1276699878251217	6.4525023118023315	0.5544808399977424	0.8321964900643345	0.0	-0.8321964900643345	0.5544808399977424	0.0	0.0	0.0	1.0	0.16000000000000003
3.125966894325416	6.459416431172448	0.4996319376616191	0.8662378004153918	0.0	-0.8662378004153918	0.4996319376616191	0.0	0.0	0.0	1.0	0.17000000000000004
3.124198061347424	6.465645808745937	0.4426420151412485	0.8966984144246575	0.0	-0.8966984144246575	0.4426420151412485	0.0	0.0	0.0	1.0	0.18
3.122370461822374	6.471165810675424	0.3837494856814381	0.923437237845232	0.0	-0.923437237845232	0.3837494856814381	0.0	0.0	0.0	1.0	0.19
3.1204913011147855	6.475954601362915	0.3232028255808396	0.9463297171369826	0.0	-0.9463297171369826	0.3232028255808396	0.0	0.0	0.0	1.0	0.2
3.118567988585855	6.479993232225856	0.2612593392729554	0.9652686453224609	0.0	-0.9652686453224609	0.2612593392729554	0.0	0.0	0.0	1.0	0.21000000000000002
3.1166081083264348	6.483265718919886	0.19818385050111417	0.9801648643981031	0.0	-0.9801648643981031	0.19818385050111417	0.0	0.0	0.0	1.0	0.22000000000000003
3.114619389177058	6.485759106624144	0.13424732960452135	0.9909478565969327	0.0	-0.9909478565969327	0.13424732960452135	0.0	0.0	0.0	1.0	0.23000000000000004
3.1126096741561526	6.487463523050987	0.06972546782222146	0.9975662179208818	0.0	-0.9975662179208818	0.06972546782222146	0.0	0.0	0.0	1.0	0.24
3.1105868894206523	6.488372218902186	0.004897210269759834	0.99998800859389	0.0	-0.99998800859389	0.004897210269759834	0.0	0.0	0.0	1.0	0.25
3.1085590128856824	6.488481595557423	-0.059956740165344066	0.9982009764114366	0.0	-0.9982009764114366	-0.059956740165344066	0.0	0.0	0.0	1.0	0.26
3.1065340426318167	6.487791219847481	-0.1245554353403563	0.992212650356351	0.0	-0.992212650356351	-0.1245554353403563	0.0	0.0	0.0	1.0	0.27
3.1045199652295326	6.486303825833022	-0.1886191978715728	0.9820503032911728	0.0	-0.9820503032911728	-0.1886191978715728	0.0	0.0	0.0	1.0	0.28
3.1025247241109284	6.484025303579395	-0.25187112766766206	0.9677607839995483	0.0	-0.9677607839995483	-0.25187112766766206	0.0	0.0	0.0	1.0	0.29000000000000004
3.1005561881185275	6.480964674987649	-0.31403858612365365	0.9494102203080903	0.0	-0.9494102203080903	-0.31403858612365365	0.0	0.0	0.0	1.0	0.30000000000000004
3.0986221203600355	6.47713405681077	-0.37485464541837743	0.9270835964508609	0.0	-0.9270835964508609	-0.37485464541837743	0.0	0.0	0.0	1.0	0.31000000000000005
3.0967301474962894	6.472548611051367	-0.43405949083487194	0.9008842092167959	0.0	-0.9008842092167959	-0.43405949083487194	0.0	0.0	0.0	1.0	0.32000000000000006
3.0948877295873567	6.467226483001634	-0.4914017646660801	0.8709330087228652	0.0	-0.8709330087228652	-0.4914017646660801	0.0	0.0	0.0	1.0	0.33000000000000007
3.093102130618809	6.461188727247647	-0.5466398410644566	0.8373678308611011	0.0	-0.8373678308611011	-0.5466398410644566	0.0	0.0	0.0	1.0	0.3400000000000001
3.0913803898266994	6.454459222017282	-0.5995430221284448	0.8003425295566213	0.0	-0.8003425295566213	-0.5995430221284448	0.0	0.0	0.0	1.0	0.3500000000000001
3.089729293935696	6.447064572303646	-0.6498926465731324	0.7600260179297611	0.0	-0.7600260179297611	-0.6498926465731324	0.0	0.0	0.0	1.0	0.36
3.0881553504202737	6.439034002243437	-0.697483103486743	0.7166012282647173	0.0	-0.7166012282647173	-0.697483103486743	0.0	0.0	0.0	1.0	0.37
3.086664761893843	6.430399237271845	-0.7421227449073554	0.6702640013391531	0.0	-0.6702640013391531	-0.7421227449073554	0.0	0.0	0.0	1.0	0.38
3.085263401725297	6.421194376612329	-0.7836346922428025	0.6212219161568018	0.0	-0.6212219161568018	-0.7836346922428025	0.0	0.0	0.0	1.0	0.39
3.0839567909767047	6.411455756690686	-0.8218575328779263	0.5696930714444474	0.0	-0.5696930714444474	-0.8218575328779263	0.0	0.0	0.0	1.0	0.4
3.0827500767498557	6.401221806088681	-0.8566459046442896	0.5159048304253089	0.0	-0.5159048304253089	-0.8566459046442896	0.0	0.0	0.0	1.0	0.41000000000000003
3.0816480120230922	6.390532892673055	-0.8878709671455112	0.4600925403656255	0.0	-0.4600925403656255	-0.8878709671455112	0.0	0.0	0.0	1.0	0.42000000000000004
3.0806549370534246	6.379431163551658	-0.9154207602151901	0.40249823821607406	0.0	-0.40249823821607406	-0.9154207602151901	0.0	0.0	0.0	1.0	0.43000000000000005
3.0797747624123444	6.3679603785199514	-0.9392004510138624	0.34336935334324414	0.0	-0.34336935334324414	-0.9392004510138624	0.0	0.0	0.0	1.0	0.44000000000000006
3.07901095371707	6.356165737668996	-0.9591324724284332	0.2829574178800066	0.0	-0.2829574178800066	-0.9591324724284332	0.0	0.0	0.0	1.0	0.45000000000000007
3.0783665181122273	6.344093703830672	-0.9751565565059657	0.22151679463062712	0.0	-0.22151679463062712	-0.9751565565059657	0.0	0.0	0.0	1.0	0.4600000000000001
3.0778439925501857	6.331791820538048	-0.987229667619869	0.1593034317620408	0.0	-0.1593034317620408	-0.987229667619869	0.0	0.0	0.0	1.0	0.4700000000000001
3.0774454339114974	6.319308526179054	-0.9953258409192469	0.09657365271332616	0.0	-0.09657365271332616	-0.9953258409192469	0.0	0.0	0.0	1.0	0.48
3.0771724110000975	6.306692965020613	-0.9994359323428317	0.0335829888785219	0.0	-0.0335829888785219	-0.9994359323428317	0.0	0.0	0.0	1.0	0.49
3.077025998441169	6.2939947957786675	-0.9995672870816246	-0.029414938318499954	0.0	0.029414938318499954	-0.9995672870816246	0.0	0.0	0.0	1.0	0.5
3.077006772502824	6.281263998407583	-0.9957433338457369	-0.09216948031630323	0.0	0.09216948031630323	-0.9957433338457369	0.0	0.0	0.0	1.0	0.51
3.0771148088560225	6.268550679780704	-0.9880031126301246	-0.15443396463597467	0.0	0.15443396463597467	-0.9880031126301246	0.0	0.0	0.0	1.0	0.52
3.0773496822804547	6.255904878932622	-0.9764007438824663	-0.21596663479752187	0.0	0.21596663479752187	-0.9764007438824663	0.0	0.0	0.0	1.0	0.53
3.0777104683173846	6.24337637253323	-0.9610048470580171	-0.2765315242987626	0.0	0.2765315242987626	-0.9610048470580171	0.0	0.0	0.0	1.0	0.54
3.0781957468637766	6.231014481263945	-0.9418979165065144	-0.33589926299515355	0.0	0.33589926299515355	-0.9418979165065144	0.0	0.0	0.0	1.0	0.55
3.0788036076953036	6.218867877767559	-0.9191756624824801	-0.39384781515186024	0.0	0.39384781515186024	-0.9191756624824801	0.0	0.0	0.0	1.0	0.56
3.0795316578991123	6.206984396844809	-0.8929463248113151	-0.45016314932029405	0.0	0.45016314932029405	-0.8929463248113151	0.0	0.0	0.0	1.0	0.5700000000000001
3.0803770311904977	6.195410848572772	-0.8633299663894405	-0.5046398410094147	0.0	0.5046398410094147	-0.8633299663894405	0.0	0.0	0.0	1.0	0.5799999999999998
3.0813363990808558	6.184192835022021	-0.8304577532582882	-0.5570816098680661	0.0	0.5570816098680661	-0.8304577532582882	0.0	0.0	0.0	1.0	0.5900000000000001
3.08240598385753	6.17337457125087	-0.794471227480785	-0.6073017937608737	0.0	0.6073017937608737	-0.794471227480785	0.0	0.0	0.0	1.0	0.5999999999999999
3.0835815733293694	6.162998711255227	-0.7555215784770846	-0.6551237627009835	0.0	0.6551237627009835	-0.7555215784770846	0.0	0.0	0.0	1.0	0.6100000000000001
3.0848585372850437	6.15310617955113	-0.7137689178559665	-0.7003812760937592	0.0	0.7003812760937592	-0.7137689178559665	0.0	0.0	0.0	1.0	0.6199999999999999
3.0862318456044124	6.143736009063218	-0.6693815621216392	-0.7429187871440551	0.0	0.7429187871440551	-0.6693815621216392	0.0	0.0	0.0	1.0	0.6300000000000001
3.087696087956536	6.13492518598564	-0.6225353269548408	-0.7825916985844084	0.0	0.7825916985844084	-0.6225353269548408	0.0	0.0	0.0	1.0	0.6399999999999999
3.089245495011315	6.126708502271511	-0.5734128360736219	-0.8192665740929539	0.0	0.8192665740929539	-0.5734128360736219	0.0	0.0	0.0	1.0	0.6500000000000001
3.0908739610852445	6.119118416392577	-0.5222028469844665	-0.8528213098893096	0.0	0.8528213098893096	-0.5222028469844665	0.0	0.0	0.0	1.0	0.6599999999999999
3.0925750681354516	6.112184922991572	-0.4690995952488145	-0.8831452710270256	0.0	0.8831452710270256	-0.4690995952488145	0.0	0.0	0.0	1.0	0.6700000000000002
3.0943421110100813	6.105935432025594	-0.41430215822384914	-0.9101393968459232	0.0	0.9101393968459232	-0.41430215822384914	0.0	0.0	0.0	1.0	0.6799999999999999
3.096168123857251	6.10039465796927	-0.35801383859850194	-0.9337162799116046	0.0	0.9337162799116046	-0.35801383859850194	0.0	0.0	0.0	1.0	0.6900000000000002
3.0980459075892908	6.0955845196115	-0.3004415674447487	-0.9538002225578177	0.0	0.9538002225578177	-0.3004415674447487	0.0	0.0	0.0	1.0	0.7
3.0999680582938294	6.091524050938951	-0.24179532594771197	-0.9703272748664956	0.0	0.9703272748664956	-0.24179532594771197	0.0	0.0	0.0	1.0	0.71
3.1019269964786123	6.088229323553516	-0.18228758447292046	-0.983245257576678	0.0	0.983245257576678	-0.18228758447292046	0.0	0.0	0.0	1.0	0.72
3.103914997032683	6.085713381019786	-0.12213275718092896	-0.9925137730144525	0.0	0.9925137730144525	-0.12213275718092896	0.0	0.0	0.0	1.0	0.73
3.1059242197829104	6.083986185482667	-0.06154667001368898	-0.9981042066889739	0.0	0.9981042066889739	-0.06154667001368898	0.0	0.0	0.0	1.0	0.74
3.1079467405217156	6.083054576835113	-0.000746039557637731	-0.9999997217124506	0.0	0.9999997217124506	-0.000746039557637731	0.0	0.0	0.0	1.0	0.75
3.109974582379388	6.082922244652217	0.06005203996106577	-0.998195247682794	0.0	0.998195247682794	0.06005203996106577	0.0	0.0	0.0	1.0	0.76
3.1119997474125376	6.0835897130413725	0.12063060447084131	-0.9926974651246973	0.0	0.9926974651246973	0.12063060447084131	0.0	0.0	0.0	1.0	0.77
3.11401424827908	6.085054338489662	0.18077332566310944	-0.9835247860266153	0.0	0.9835247860266153	0.18077332566310944	0.0	0.0	0.0	1.0	0.78
3.1160101398696893	6.087310320720017	0.2402650174671353	-0.9707073304459575	0.0	0.9707073304459575	0.2402650174671353	0.0	0.0	0.0	1.0	0.79
3.1179795507658823	6.090348726497962	0.29889214639593753	-0.9542868985912095	0.0	0.9542868985912095	0.29889214639593753	0.0	0.0	0.0	1.0	0.8
3.1199147143958275	6.094157526261697	0.3564433486454774	-0.9343169372361815	0.0	0.9343169372361815	0.3564433486454774	0.0	0.0	0.0	1.0	0.81
3.1218079997605823	6.098721643381051	0.41270995663352544	-0.9108624987864818	0.0	0.9108624987864818	0.41270995663352544	0.0	0.0	0.0	1.0	0.8200000000000001
3.123651941605734	6.104023015786017	0.46748653739756924	-0.8840001908099517	0.0	0.8840001908099517	0.46748653739756924	0.0	0.0	0.0	1.0	0.8300000000000001
3.1254392699163134	6.110040669644223	0.5205714449358475	-0.8538181133692374	0.0	0.8538181133692374	0.5205714449358475	0.0	0.0	0.0	1.0	0.8399999999999999
3.1271629386163604	6.116750804709267	0.5717673881758301	-0.8204157810638393	0.0	0.8204157810638393	0.5717673881758301	0.0	0.0	0.0	1.0	0.8500000000000001
3.128816153358548	6.124126890909076	0.6208820157947705	-0.7839040263084648	0.0	0.7839040263084648	0.6208820157947705	0.0	0.0	0.0	1.0	0.8599999999999999
3.1303923982938398	6.132139775695733	0.6677285186027843	-0.7444048800515289	0.0	0.7444048800515289	0.6677285186027843	0.0	0.0	0.0	1.0	0.8700000000000001
3.1318854617161436	6.140757801635794	0.7121262496363127	-0.7020514258791304	0.0	0.7020514258791304	0.7121262496363127	0.0	0.0	0.0	1.0	0.8799999999999999
3.1332894604823203	6.149946933683301	0.7539013615060317	-0.656987623261924	0.0	0.656987623261924	0.7539013615060317	0.0	0.0	0.0	1.0	0.8900000000000001
3.1345988631136565	6.159670895546319	0.7928874599058098	-0.609368095590927	0.0	0.609368095590927	0.7928874599058098	0.0	0.0	0.0	1.0	0.8999999999999999
3.1358085114909096	6.1698913145319425	0.8289262715270578	-0.5593578786181979	0.0	0.5593578786181979	0.8289262715270578	0.0	0.0	0.0	1.0	0.9100000000000001
3.136913641061319	6.180567874233913	0.8618683239448033	-0.5071321249739318	0.0	0.5071321249739318	0.8618683239448033	0.0	0.0	0.0	1.0	0.9199999999999999
3.137909899482388	6.191658474411037	0.8915736343583044	-0.45287576057581674	0.0	0.45287576057581674	0.8915736343583044	0.0	0.0	0.0	1.0	0.9300000000000002
3.1387933636338428	6.203119397392909	0.9179124033904007	-0.39678308898195014	0.0	0.39678308898195014	0.9179124033904007	0.0	0.0	0.0	1.0	0.94
3.1395605549358283	6.214905480341564	0.9407657094874314	-0.33905734006596855	0.0	0.33905734006596855	0.9407657094874314	0.0	0.0	0.0	1.0	0.9500000000000002
3.1402084529181598	6.226970292692962	0.9600261988267954	-0.27991015981234857	0.0	0.27991015981234857	0.9600261988267954	0.0	0.0	0.0	1.0	0.96
3.1407345069921995	6.239266318100051	0.9755987650441212	-0.21956103853913964	0.0	0.21956103853913964	0.9755987650441212	0.0	0.0	0.0	1.0	0.97
3.141136646383731	6.25174514019885	0.9874012125483373	-0.1582366754519095	0.0	0.1582366754519095	0.9874012125483373	0.0	0.0	0.0	1.0	0.98
3.141413288191965	6.26435763152009	0.9953648967127452	-0.0961702781114107	0.0	0.0961702781114107	0.9953648967127452	0.0	0.0	0.0	1.0	0.99
3.1415633435465873	6.277054144870656	0.9994353338250164	-0.03360079615244654	0.0	0.03360079615244654	0.9994353338250164	0.0	0.0	0.0	1.0	1.0
3.1415862218415076	6.289784706511107	0.9995727733601011	0.029227910585533944	0.0	-0.029227910585533944	0.9995727733601011	0.0	0.0	0.0	1.0	1.0100000000000002
3.1414818330306793	6.302499210457323	0.9957527249177343	0.09206796847387806	0.0	-0.09206796847387806	0.9957527249177343	0.0	0.0	0.0	1.0	1.02
3.141250587978094	6.3151476132356095	0.9879664320500416	0.1546684490848425	0.0	-0.1546684490848425	0.9879664320500416	0.0	0.0	0.0	1.0	1.0300000000000002
3.1408933968607404	6.3276801284211945	0.9762212852029214	0.2167763878210828	0.0	-0.2167763878210828	0.9762212852029214	0.0	0.0	0.0	1.0	1.04
3.1404116656300283	6.340047420289794	0.9605411661141393	0.27813785826472703	0.0	-0.27813785826472703	0.9605411661141393	0.0	0.0	0.0	1.0	1.0500000000000003
3.1398072905438776	6.352200795910945	0.9409667162564875	0.33849909733628963	0.0	-0.33849909733628963	0.9409667162564875	0.0	0.0	0.0	1.0	1.06
3.139082650788407	6.36409239501023	0.917555522288937	0.39760767537495584	0.0	-0.39760767537495584	0.917555522288937	0.0	0.0	0.0	1.0	1.0700000000000003
3.138240599214879	6.37567537692561	0.8903822119834188	0.4552137043010837	0.0	-0.4552137043010837	0.8903822119834188	0.0	0.0	0.0	1.0	1.08
3.137284451224336	6.386904103981226	0.8595384547281637	0.5110710761171292	0.0	-0.5110710761171292	0.8595384547281637	0.0	0.0	0.0	1.0	1.0900000000000003
3.136217971839112	6.397734320600723	0.8251328614665898	0.5649387231620412	0.0	-0.5649387231620412	0.8251328614665898	0.0	0.0	0.0	1.0	1.1
3.1350453610072213	6.40812332748195	0.7872907798069398	0.6165818907744376	0.0	-0.6165818907744376	0.7872907798069398	0.0	0.0	0.0	1.0	1.1100000000000003
3.133771237192369	6.418030150156287	0.7461539810232933	0.6657734123582069	0.0	-0.6657734123582069	0.7461539810232933	0.0	0.0	0.0	1.0	1.12
3.132400619309107	6.427415701259682	0.7018802367514054	0.7122949762968929	0.0	-0.7122949762968929	0.7018802367514054	0.0	0.0	0.0	1.0	1.1300000000000003
3.130938907069345	6.436242935849109	0.654642784349161	0.7559383737445652	0.0	-0.7559383737445652	0.654642784349161	0.0	0.0	0.0	1.0	1.1400000000000001
3.12939185981305	6.444476999108502	0.6046296811246794	0.7965067160439192	0.0	-0.7965067160439192	0.6046296811246794	0.0	0.0	0.0	1.0	1.1500000000000004
3.1277655739024652	6.45208536580252	0.5520430489170953	0.8338156103973573	0.0	-0.8338156103973573	0.5520430489170953	0.0	0.0	0.0	1.0	1.1599999999999997
3.1260664587654863	6.459037970855582	0.49709821182535335	0.8676942824520836	0.0	-0.8676942824520836	0.49709821182535335	0.0	0.0	0.0	1.0	1.17
3.1243012116799833	6.465307330457553	0.4400227311978095	0.8979866346606837	0.0	-0.8979866346606837	0.4400227311978095	0.0	0.0	0.0	1.0	1.1800000000000002
3.1224767913966605	6.470868653126909	0.3810553432971794	0.9245522296466916	0.0	-0.9245522296466916	0.3810553432971794	0.0	0.0	0.0	1.0	1.19
3.120600390703601	6.475699940196987	0.3204448063190009	0.947267188338738	0.0	-0.947267188338738	0.3204448063190009	0.0	0.0	0.0	1.0	1.2000000000000002
3.118679408040784	6.479782075231328	0.2584486646440036	0.9660249933328492	0.0	-0.9660249933328492	0.2584486646440036	0.0	0.0	0.0	1.0	1.21
3.1167214182775678	6.4830989019199485	0.19533193932356394	0.9807371887922348	0.0	-0.9807371887922348	0.19533193932356394	0.0	0.0	0.0	1.0	1.2200000000000002
3.1147341427703856	6.4856372900593025	0.13136575481163387	0.9913339691863533	0.0	-0.9913339691863533	0.13136575481163387	0.0	0.0	0.0	1.0	1.23
3.1127254188215825	6.487387189274465	0.06682591284641172	0.9977646502919633	0.0	-0.9977646502919633	0.06682591284641172	0.0	0.0	0.0	1.0	1.2400000000000002
3.1107031686634543	6.488341670202049	0.001991425133461931	0.999998017111003	0.0	-0.999998017111003	0.001991425133461931	0.0	0.0	0.0	1.0	1.25
3.1086753680940324	6.4884969529159395	-0.06285698292619428	0.9980225446839446	0.0	-0.9980225446839446	-0.06285698292619428	0.0	0.0	0.0	1.0	1.2600000000000002
3.1066500148930367	6.487852422444353	-0.12743838479585634	0.9918464891708915	0.0	-0.9918464891708915	-0.12743838479585634	0.0	0.0	0.0	1.0	1.27
3.104635097147564	6.486410631295132	-0.19147316873714315	0.9814978480128	0.0	-0.9814978480128	-0.19147316873714315	0.0	0.0	0.0	1.0	1.2800000000000002
3.102638561617576	6.484177288975761	-0.25468454413999847	0.9670241894472967	0.0	-0.9670241894472967	-0.25468454413999847	0.0	0.0	0.0	1.0	1.29
3.10066828227105	6.481161238564231	-0.3168000253896804	0.9484923531126109	0.0	-0.9484923531126109	-0.3168000253896804	0.0	0.0	0.0	1.0	1.3000000000000003
3.0987320291177185	6.4773744204559005	-0.37755288071209575	0.925988024904209	0.0	-0.925988024904209	-0.37755288071209575	0.0	0.0	0.0	1.0	1.31
3.0968374374687615	6.472831823478781	-0.43668353391494374	0.8996151906273905	0.0	-0.8996151906273905	-0.43668353391494374	0.0	0.0	0.0	1.0	1.3200000000000003
3.094991977747547	6.467551423634423	-0.49394090758427817	0.869495474292316	0.0	-0.869495474292316	-0.49394090758427817	0.0	0.0	0.0	1.0	1.33
3.0932029259736398	6.461554110783074	-0.5490836970920937	0.8357673681041142	0.0	-0.8357673681041142	-0.5490836970920937	0.0	0.0	0.0	1.0	1.3400000000000003
3.09147733503881	6.45486360364924	-0.6018815657045735	0.7985853622907266	0.0	-0.7985853622907266	-0.6018815657045735	0.0	0.0	0.0	1.0	1.35
3.0898220068897575	6.447506353576627	-0.6521162521350827	0.7581189838681612	0.0	-0.7581189838681612	-0.6521162521350827	0.0	0.0	0.0	1.0	1.3600000000000003
3.0882434657277145	6.439511437509312	-0.6995825830404828	0.7145517542532565	0.0	-0.7145517542532565	-0.6995825830404828	0.0	0.0	0.0	1.0	1.37
3.0867479323301112	6.430910440718494	-0.7440893841926298	0.6680800762871416	0.0	-0.6680800762871416	-0.7440893841926298	0.0	0.0	0.0	1.0	1.3800000000000003
3.0853412995941047	6.42173732983117	-0.7854602853460748	0.6189120617212616	0.0	-0.6189120617212616	-0.7854602853460748	0.0	0.0	0.0	1.0	1.3900000000000001
3.0840291093960372	6.412028316748554	-0.8235344151451979	0.567266310538055	0.0	-0.567266310538055	-0.8235344151451979	0.0	0.0	0.0	1.0	1.4000000000000004
3.0828165308548803	6.401821714068136	-0.8581669837459497	0.5133706536298887	0.0	-0.5133706536298887	-0.8581669837459497	0.0	0.0	0.0	1.0	1.4099999999999997
3.081708340081463	6.391157782644174	-0.8892297521467757	0.45746087034519567	0.0	-0.45746087034519567	-0.8892297521467757	0.0	0.0	0.0	1.0	1.42
3.0807089014888627	6.380078571937552	-0.9166113885084045	0.3997793922361366	0.0	-0.3997793922361366	-0.9166113885084045	0.0	0.0	0.0	1.0	1.4300000000000002
3.079822150732746	6.368627753817716	-0.9402177129732499	0.3405740040157962	0.0	-0.3405740040157962	-0.9402177129732499	0.0	0.0	0.0	1.0	1.44
3.079051579343777	6.356850450487432	-0.9599718336536377	0.2800965522666652	0.0	-0.2800965522666652	-0.9599718336536377	0.0	0.0	0.0	1.0	1.4500000000000002
3.078400221107495	6.344793057205924	-0.9758141775281193	0.21860167184886803	0.0	-0.21860167184886803	-0.9758141775281193	0.0	0.0	0.0	1.0	1.46
3.0778706402402567	6.332503060488234	-0.9877024209528406	0.1563455392516775	0.0	-0.1563455392516775	-0.9877024209528406	0.0	0.0	0.0	1.0	1.4700000000000002
3.077464921403095	6.320028852459002	-0.9956113253491059	0.09358466133184859	0.0	-0.09358466133184859	-0.9956113253491059	0.0	0.0	0.0	1.0	1.48
3.077184661588524	6.307419542037889	-0.9995324843603602	0.030574707004420176	0.0	-0.030574707004420176	-0.9995324843603602	0.0	0.0	0.0	1.0	1.4900000000000002
3.0770309639085984	6.294724763632189	-0.9994739893757396	-0.032430611485814755	0.0	0.032430611485814755	-0.9994739893757396	0.0	0.0	0.0	1.0	1.5
3.077004433305751	6.281994484010225	-0.9954600207898275	-0.09518060206321576	0.0	0.09518060206321576	-0.9954600207898275	0.0	0.0	0.0	1.0	1.5100000000000002
3.077105174201228	6.2692788080273925	-0.9875303727083728	-0.15742859644442683	0.0	0.15742859644442683	-0.9875303727083728	0.0	0.0	0.0	1.0	1.52
3.0773327900892196	6.256627783875462	-0.9757399190190125	-0.21893289024897783	0.0	0.21893289024897783	-0.9757399190190125	0.0	0.0	0.0	1.0	1.5300000000000002
3.0776863850780805	6.244091208525213	-0.960158028828153	-0.27945761695977384	0.0	0.27945761695977384	-0.960158028828153	0.0	0.0	0.0	1.0	1.54
3.0781645673733387	6.23171843403275	-0.9408679392257323	-0.33877355406985904	0.0	0.33877355406985904	-0.9408679392257323	0.0	0.0	0.0	1.0	1.5500000000000003
3.0787654546904784	6.219558175380881	-0.9179660931859676	-0.39665886068622186	0.0	0.39665886068622186	-0.9179660931859676	0.0	0.0	0.0	1.0	1.56
3.079486681578761	6.207658320528542	-0.8915614501531619	-0.452899746744013	0.0	0.452899746744013	-0.8915614501531619	0.0	0.0	0.0	1.0	1.5700000000000003
3.08032540863062	6.1960657433432536	-0.8617747765072518	-0.5072910748040778	0.0	0.5072910748040778	-0.8617747765072518	0.0	0.0	0.0	1.0	1.58
3.0812783335443887	6.184826120093451	-0.8287379226648639	-0.5596368961542171	0.0	0.5596368961542171	-0.8287379226648639	0.0	0.0	0.0	1.0	1.5900000000000003
3.0823417040013665	6.173983750178967	-0.7925930930599349	-0.6097509236021587	0.0	0.6097509236021587	-0.7925930930599349	0.0	0.0	0.0	1.0	1.6
3.0835113323114287	6.163581381778205	-0.7534921146753137	-0.6574569439302651	0.0	0.6574569439302651	-0.7534921146753137	0.0	0.0	0.0	1.0	1.6100000000000003
3.0847826117746178	6.153660043089231	-0.7115957091756319	-0.7025891734739652	0.0	0.7025891734739652	-0.7115957091756319	0.0	0.0	0.0	1.0	1.62
3.0861505346993905	6.144258879838312	-0.6670727730341123	-0.7449925606853934	0.0	0.7449925606853934	-0.6670727730341123	0.0	0.0	0.0	1.0	1.6300000000000003
3.0876097120115022	6.135414999722894	-0.6200996693641957	-0.7845230398493185	0.0	0.7845230398493185	-0.6200996693641957	0.0	0.0	0.0	1.0	1.6400000000000001
3.089154394380886	6.127163324445839	-0.5708595344723314	-0.8210477403306298	0.0	0.8210477403306298	-0.5708595344723314	0.0	0.0	0.0	1.0	1.6500000000000004
3.090778494787375	6.119536449983516	-0.5195416014525253	-0.8544451558527003	0.0	0.8544451558527003	-0.5195416014525253	0.0	0.0	0.0	1.0	1.6600000000000001
3.0924756124398116	6.112564515711471	-0.46634054245662737	-0.8846052783367612	0.0	0.8846052783367612	-0.46634054245662737	0.0	0.0	0.0	1.0	1.67
3.0942390579569303	6.106275082987528	-0.4114558306071073	-0.9114297007775287	0.0	0.9114297007775287	-0.4114558306071073	0.0	0.0	0.0	1.0	1.6800000000000002
3.096061879712579	6.100693023762954	-0.3550911218802199	-0.9348316934945278	0.0	0.9348316934945278	-0.3550911218802199	0.0	0.0	0.0	1.0	1.69
3.0979368912422895	6.095840419757595	-0.29745365668555995	-0.954736257887166	0.0	0.954736257887166	-0.29745365668555995	0.0	0.0	0.0	1.0	1.7000000000000002
3.099856699603054	6.0917364726946746	-0.23875368031067284	-0.9710801615408015	0.0	0.9710801615408015	-0.23875368031067284	0.0	0.0	0.0	1.0	1.71
3.101813734573436	6.0883974260452245	-0.17920388089324077	-0.9838119581875396	0.0	0.9838119581875396	-0.17920388089324077	0.0	0.0	0.0	1.0	1.7200000000000002
3.1038002785768897	6.085836498681278	-0.1190188431345667	-0.992891995626367	0.0	0.992891995626367	-0.1190188431345667	0.0	0.0	0.0	1.0	1.73
3.1058084972074558	6.0840638307812736	-0.05841451558140638	-0.9982924142601654	0.0	0.9982924142601654	-0.05841451558140638	0.0	0.0	0.0	1.0	1.7400000000000002
3.107830470233854	6.083086442271203	0.002392311016813096	-0.9999971384199051	0.0	0.9999971384199051	0.002392311016813096	0.0	0.0	0.0	1.0	1.75
3.1098582229554843	6.082908204021496	0.06318451701862658	-0.9980018621270819	0.0	0.9980018621270819	0.06318451701862658	0.0	0.0	0.0	1.0	1.7600000000000002
3.111883757781975	6.083529821953212	0.12374516178989775	-0.992314030402469	0.0	0.992314030402469	0.12374516178989775	0.0	0.0	0.0	1.0	1.77
3.1138990859067195	6.084948834138677	0.18385798921638102	-0.982952816670927	0.0	0.982952816670927	0.18385798921638102	0.0	0.0	0.0	1.0	1.7800000000000002
3.1158962589443395	6.0871596209121375	0.24330793388215055	-0.9699490962468078	0.0	0.9699490962468078	0.24330793388215055	0.0	0.0	0.0	1.0	1.79
3.1178674004022167	6.090153427936185	0.30188163091957504	-0.9533454153208781	0.0	0.9533454153208781	0.30188163091957504	0.0	0.0	0.0	1.0	1.8000000000000003
3.1198047368571045	6.093918402100689	0.359367932414593	-0.9331959543161664	0.0	0.9331959543161664	0.359367932414593	0.0	0.0	0.0	1.0	1.81
3.1217006287094202	6.098439640063517	0.41555843305591705	-0.9095664839450225	0.0	0.9095664839450225	0.41555843305591705	0.0	0.0	0.0	1.0	1.8200000000000003
3.123547600390039	6.10369924917742	0.47024800745031825	-0.8825343117913351	0.0	0.8825343117913351	0.47024800745031825	0.0	0.0	0.0	1.0	1.83
3.1253383698972828	6.109676420485845	0.5232353611916181	-0.852188216768266	0.0	0.852188216768266	0.5232353611916181	0.0	0.0	0.0	1.0	1.8400000000000003
3.127065877545258	6.116347513412769	0.5743235973718881	-0.8186283683710291	0.0	0.8186283683710291	0.5743235973718881	0.0	0.0	0.0	1.0	1.85
3.1287233138087167	6.123686151718638	0.623320799764521	-0.7819662272636319	0.0	0.7819662272636319	0.623320799764521	0.0	0.0	0.0	1.0	1.8600000000000003
3.130304146154122	6.131663330246401	0.6700406333953767	-0.7423244234154784	0.0	0.7423244234154784	0.6700406333953767	0.0	0.0	0.0	1.0	1.87
3.1318021447516045	6.140247531939014	0.7143029626565923	-0.6998366077449899	0.0	0.6998366077449899	0.7143029626565923	0.0	0.0	0.0	1.0	1.8800000000000003
3.133211406967834	6.1494048545725075	0.7559344865146309	-0.6546472730393531	0.0	0.6546472730393531	0.7559344865146309	0.0	0.0	0.0	1.0	1.8900000000000001
3.134526380545581	6.159099146617168	0.794769389727756	-0.6069115398077138	0.0	0.6069115398077138	0.794769389727756	0.0	0.0	0.0	1.0	1.9000000000000004
3.135741885381732	6.169292151613062	0.8306500083267053	-0.5567949026947394	0.0	0.5567949026947394	0.8306500083267053	0.0	0.0	0.0	1.0	1.9100000000000001
3.1368531338217744	6.179943660425156	0.863427506935425	-0.5044729331364336	0.0	0.5044729331364336	0.863427506935425	0.0	0.0	0.0	1.0	1.92
3.137855749395195	6.191011670726972	0.8929625648260812	-0.45013093408388066	0.0	0.45013093408388066	0.8929625648260812	0.0	0.0	0.0	1.0	1.9300000000000002
3.1387457839228072	6.202452553049874	0.9191260669249914	-0.39396354285516844	0.0	0.39396354285516844	0.9191260669249914	0.0	0.0	0.0	1.0	1.94
3.1395197329336937	6.214221222726964	0.9417997953246068	-0.33617427850228043	0.0	0.33617427850228043	0.9417997953246068	0.0	0.0	0.0	1.0	1.9500000000000002
3.1401745493361797	6.226271317055678	0.960877116222798	-0.27697503049798466	0.0	0.27697503049798466	0.960877116222798	0.0	0.0	0.0	1.0	1.96
3.140707655294037	6.238555377000901	0.9762636566163484	-0.21658548605591474	0.0	0.21658548605591474	0.9762636566163484	0.0	0.0	0.0	1.0	1.9700000000000002
3.1411169522658806	6.251025032760022	0.9878779645325315	-0.15523249399227732	0.0	0.15523249399227732	0.9878779645325315	0.0	0.0	0.0	1.0	1.98
3.1414008291725213	6.263631192512374	0.9956521461029929	-0.0931493637149734	0.0	0.0931493637149734	0.9956521461029929	0.0	0.0	0.0	1.0	1.9900000000000002
3.1415581686637886	6.2763242336771965	0.9995324723793332	-0.030575098679442542	0.0	0.030575098679442542	0.9995324723793332	0.0	0.0	0.0	1.0	2.0
3.1415883514630925	6.28905419600628	0.9994799484710729	0.03224643552799858	0.0	-0.03224643552799858	0.9994799484710729	0.0	0.0	0.0	1.0	2.01
3.1414912587747206	6.301770975839248	0.995470837364384	0.09506740743836477	0.0	-0.09506740743836477	0.995470837364384	0.0	0.0	0.0	1.0	2.0199999999999996
3.1412672727455773	6.31442452085077	0.9874971306636171	0.1576369783113184	0.0	-0.1576369783113184	0.9874971306636171	0.0	0.0	0.0	1.0	2.0300000000000002
3.1409172749797776	6.3269650246195965	0.9755669584954458	0.21970232017879346	0.0	-0.21970232017879346	0.9755669584954458	0.0	0.0	0.0	1.0	2.04
3.140442643111206	6.339343120349155	0.9597049309341219	0.28100968940720217	0.0	-0.28100968940720217	0.9597049309341219	0.0	0.0	0.0	1.0	2.05
3.1398452454458643	6.351510073068468	0.9399524035509762	0.3413055508759603	0.0	-0.3413055508759603	0.9399524035509762	0.0	0.0	0.0	1.0	2.0599999999999996
3.1391274336925465	6.363417969640623	0.9163676600649074	0.40033774689275325	0.0	-0.40033774689275325	0.9163676600649074	0.0	0.0	0.0	1.0	2.0699999999999994
3.138292033807117	6.375019905904116	0.8890260055741409	0.45785670401653783	0.0	-0.45785670401653783	0.8890260055741409	0.0	0.0	0.0	1.0	2.08
3.1373423349824314	6.386270170270537	0.858019764481585	0.5136166700555633	0.0	-0.5136166700555633	0.858019764481585	0.0	0.0	0.0	1.0	2.09
3.1362820768227118	6.397124423100701	0.8234581779826817	0.5673769726675927	0.0	-0.5673769726675927	0.8234581779826817	0.0	0.0	0.0	1.0	2.0999999999999996
3.1351154347479633	6.407539871181033	0.7854671968594567	0.6189032902301841	0.0	-0.6189032902301841	0.7854671968594567	0.0	0.0	0.0	1.0	2.1099999999999994
3.1338470036808115	6.417475436623351	0.7441891663081999	0.6679689249879117	0.0	-0.6679689249879117	0.7441891663081999	0.0	0.0	0.0	1.0	2.12
3.132481780074886	6.426891919514798	0.6997824006095817	0.7143560679360755	0.0	-0.7143560679360755	0.6997824006095817	0.0	0.0	0.0	1.0	2.13
3.1310251423505777	6.435752153651215	0.6524206466146438	0.757857044481959	0.0	-0.757857044481959	0.6524206466146438	0.0	0.0	0.0	1.0	2.1399999999999997
3.129482829810635	6.444021154697253	0.6022924362520229	0.7982755296472533	0.0	-0.7982755296472533	0.6022924362520229	0.0	0.0	0.0	1.0	2.1499999999999995
3.1278609201145433	6.451666260130681	0.5496003295421547	0.8354277214500097	0.0	-0.8354277214500097	0.5496003295421547	0.0	0.0	0.0	1.0	2.16
3.1261658053969956	6.458657260347077	0.494560050913458	0.8691434611388834	0.0	-0.8691434611388834	0.494560050913458	0.0	0.0	0.0	1.0	2.17
3.124404167121865	6.464966520324789	0.43739952293163653	0.8992672891522169	0.0	-0.8992672891522169	0.43739952293163653	0.0	0.0	0.0	1.0	2.1799999999999997
3.1225829497689754	6.47056909127913	0.3783578028543607	0.9256594260413604	0.0	-0.9256594260413604	0.3783578028543607	0.0	0.0	0.0	1.0	2.1899999999999995
3.120709333456491	6.475442811769284	0.31768392868624734	0.9481966681308638	0.0	-0.9481966681308638	0.31768392868624734	0.0	0.0	0.0	1.0	2.2
3.1187907056069295	6.479568397761471	0.25563568261103425	0.9667731883828753	0.0	-0.9667731883828753	0.25563568261103425	0.0	0.0	0.0	1.0	2.21
3.116834631769543	6.482929521197424	0.19247828079628385	0.9813012337818123	0.0	-0.9813012337818123	0.19247828079628385	0.0	0.0	0.0	1.0	2.2199999999999998
3.114848825716078	6.485512876667872	0.12848299958026652	0.991711711546686	0.0	-0.991711711546686	0.12848299958026652	0.0	0.0	0.0	1.0	2.2299999999999995
3.1128411189306497	6.487308235846269	0.06392574894065456	0.9979546575984184	0.0	-0.9979546575984184	0.06392574894065456	0.0	0.0	0.0	1.0	2.24
3.1108194296176164	6.488308489397714	-0.0009143951064049103	0.9999995819407074	0.0	-0.9999995819407074	-0.0009143951064049103	0.0	0.0	0.0	1.0	2.25
3.1087917313538966	6.4885096761414225	-0.06575668693595399	0.9978356869360842	0.0	-0.9978356869360842	-0.06575668693595399	0.0	0.0	0.0	1.0	2.26
3.1067660215140376	6.487910999311367	-0.13032022390730771	0.9914719558518784	0.0	-0.9914719558518784	-0.13032022390730771	0.0	0.0	0.0	1.0	2.2699999999999996
3.1047502895975656	6.486514829828075	-0.19432546220808286	0.9809371104905834	0.0	-0.9809371104905834	-0.19432546220808286	0.0	0.0	0.0	1.0	2.2800000000000002
3.10275248558868	6.484326696564002	-0.2574957229712014	0.9662794381810773	0.0	-0.9662794381810773	-0.2574957229712014	0.0	0.0	0.0	1.0	2.29
3.1007804884781653	6.481355263654683	-0.31955867580532715	0.9475664898663027	0.0	-0.9475664898663027	-0.31955867580532715	0.0	0.0	0.0	1.0	2.3
3.098842075076538	6.477612294976853	-0.380247787178698	0.924884652454404	0.0	-0.924884652454404	-0.380247787178698	0.0	0.0	0.0	1.0	2.3099999999999996
3.096944889245894	6.473112605982162	-0.43930372157183006	0.8983385999795067	0.0	-0.8983385999795067	-0.43930372157183006	0.0	0.0	0.0	1.0	2.3199999999999994
3.095096411675691	6.467874003140044	-0.49647568395607977	0.8680506294222377	0.0	-0.8680506294222377	-0.49647568395607977	0.0	0.0	0.0	1.0	2.33
3.0933039303248853	6.461917211304988	-0.5515226929506105	0.8341598882471553	0.0	-0.8341598882471553	-0.5515226929506105	0.0	0.0	0.0	1.0	2.34
3.0915745116493487	6.455265789381139	-0.6042147749442617	0.7968215018051754	0.0	-0.7968215018051754	-0.6042147749442617	0.0	0.0	0.0	1.0	2.3499999999999996
3.0899149727295474	6.447946034710323	-0.6543340705230418	0.756205609707272	0.0	-0.756205609707272	-0.6543340705230418	0.0	0.0	0.0	1.0	2.3599999999999994
3.0883318544088985	6.439986876657752	-0.701675845698947	0.712496321087111	0.0	-0.712496321087111	-0.701675845698947	0.0	0.0	0.0	1.0	2.37
3.086831395548306	6.4314197599124485	-0.7460494016693093	0.6658905993245929	0.0	-0.6658905993245929	-0.7460494016693093	0.0	0.0	0.0	1.0	2.38
3.0854195084969804	6.422278518056762	-0.7872788781259218	0.6165970872918473	0.0	-0.6165970872918473	-0.7872788781259218	0.0	0.0	0.0	1.0	2.3899999999999997
3.084101755873948	6.412599237991159	-0.8252039464560949	0.5648348845045661	0.0	-0.5648348845045661	-0.8252039464560949	0.0	0.0	0.0	1.0	2.3999999999999995
3.0828833287486654	6.402420115826801	-0.8596803905110374	0.5108322877136785	0.0	-0.5108322877136785	-0.8596803905110374	0.0	0.0	0.0	1.0	2.41
3.081769026302898	6.391781304879663	-0.8905805739374245	0.45482550645856207	0.0	-0.45482550645856207	-0.8905805739374245	0.0	0.0	0.0	1.0	2.42
3.080763237049605	6.3807247564163045	-0.917793794354688	0.3970573649285765	0.0	-0.3970573649285765	-0.917793794354688	0.0	0.0	0.0	1.0	2.4299999999999997
3.079869921678013	6.369294053813448	-0.9412265258929272	0.3377760011539168	0.0	-0.3377760011539168	-0.9412265258929272	0.0	0.0	0.0	1.0	2.4399999999999995
3.0790925975873766	6.357534240801726	-0.9608025527665437	0.27723357408022065	0.0	-0.27723357408022065	-0.9608025527665437	0.0	0.0	0.0	1.0	2.45
3.078434325165204	6.345491644468974	-0.9764629976301735	0.2156849884880628	0.0	-0.2156849884880628	-0.9764629976301735	0.0	0.0	0.0	1.0	2.46
3.0778976958589532	6.333213693700815	-0.9881662494328182	0.15338664701295632	0.0	-0.15338664701295632	-0.9881662494328182	0.0	0.0	0.0	1.0	2.4699999999999998
3.0774848220834126	6.320748733736774	-0.9958877963416851	0.09059523772087784	0.0	-0.09059523772087784	-0.9958877963416851	0.0	0.0	0.0	1.0	2.4799999999999995
3.0771973289992185	6.308145837519215	-0.9996199700407532	0.027566564815439145	0.0	-0.027566564815439145	-0.9996199700407532	0.0	0.0	0.0	1.0	2.49
3.0770363481911676	6.2954546145107635	-0.9993716083142405	-0.03544557088563097	0.0	0.03544557088563097	-0.9993716083142405	0.0	0.0	0.0	1.0	2.5
3.077002513268268	6.282725017653898	-0.9951676432987467	-0.09819043604760325	0.0	0.09819043604760325	-0.9951676432987467	0.0	0.0	0.0	1.0	2.51
3.077095957400713	6.270007149144698	-0.9870486231288862	-0.16042136883648034	0.0	0.16042136883648034	-0.9870486231288862	0.0	0.0	0.0	1.0	2.5199999999999996
3.0773163128022656	6.257351065691376	-0.9750701749112494	-0.22189671921537152	0.0	0.22189671921537152	-0.9750701749112494	0.0	0.0	0.0	1.0	2.5300000000000002
3.0776627121598406	6.244806583927703	-0.9593024170441707	-0.2823807228781949	0.0	0.2823807228781949	-0.9593024170441707	0.0	0.0	0.0	1.0	2.54
3.078133792005353	6.232423086651634	-0.9398293288616592	-0.3416443071550344	0.0	0.3416443071550344	-0.9398293288616592	0.0	0.0	0.0	1.0	2.55
3.0787276980182163	6.220249330560422	-0.9167480854263773	-0.39946582815939546	0.0	0.39946582815939546	-0.9167480854263773	0.0	0.0	0.0	1.0	2.5599999999999996
3.079442092240134	6.20833325615512	-0.8901683650374149	-0.4556317393319036	0.0	0.4556317393319036	-0.8901683650374149	0.0	0.0	0.0	1.0	2.5699999999999994
3.080274162177108	6.196721800489328	-0.8602116366639528	-0.5099371923560034	0.0	0.5099371923560034	-0.8602116366639528	0.0	0.0	0.0	1.0	2.58
3.0812206317568154	6.185460713438938	-0.8270104340765959	-0.5621865721701652	0.0	0.5621865721701652	-0.8270104340765959	0.0	0.0	0.0	1.0	2.59
3.082277774102743	6.1745943781710775	-0.7907076229357711	-0.6121939684701755	0.0	0.6121939684701755	-0.7907076229357711	0.0	0.0	0.0	1.0	2.5999999999999996
3.083441426079676	6.164165636490843	-0.7514556665233648	-0.6597835866781815	0.0	0.6597835866781815	-0.7514556665233648	0.0	0.0	0.0	1.0	2.6099999999999994
3.0847070045583664	6.154215619743156	-0.7094158951816544	-0.7047901018484951	0.0	0.7047901018484951	-0.7094158951816544	0.0	0.0	0.0	1.0	2.62
3.086069524340446	6.144783585943576	-0.6647577838652226	-0.7470589593804481	0.0	0.7470589593804481	-0.6647577838652226	0.0	0.0	0.0	1.0	2.63
3.087523617677944	6.135906763805508	-0.6176582415286167	-0.7864466267152381	0.0	0.7864466267152381	-0.6176582415286167	0.0	0.0	0.0	1.0	2.6399999999999997
3.0890635553151387	6.127620204321334	-0.5683009153771573	-0.8228208004064343	0.0	0.8228208004064343	-0.5683009153771573	0.0	0.0	0.0	1.0	2.6499999999999995
3.090683268973979	6.119956640540986	-0.5168755123113127	-0.8560605730746617	0.0	0.8560605730746617	-0.5168755123113127	0.0	0.0	0.0	1.0	2.66
3.09237637519795	6.112946356172905	-0.46357713920760235	-0.8860565647881039	0.0	0.8860565647881039	-0.46357713920760235	0.0	0.0	0.0	1.0	2.67
3.0941362004631414	6.10661706360876	-0.4086056630105686	-0.912711023356075	0.0	0.912711023356075	-0.4086056630105686	0.0	0.0	0.0	1.0	2.6799999999999997
3.0959558074593905	6.100993791944353	-0.35216509097070514	-0.935937897887245	0.0	0.935937897887245	-0.35216509097070514	0.0	0.0	0.0	1.0	2.6899999999999995
3.097828022438832	6.096098785534803	-0.2944629707602172	-0.9556628897530067	0.0	0.9556628897530067	-0.2944629707602172	0.0	0.0	0.0	1.0	2.7
