3.118035918529004	6.286207389817359	1.0	0.0	0.0	-0.0	1.0	0.0	0.0	0.0	1.0	0.0
3.141575454938578	6.291245423546283	0.9992269686395122	0.039312404448102384	0.0	-0.039312404448102384	0.9992269686395122	0.0	0.0	0.0	1.0	0.01
3.1414796554748965	6.299744575797366	0.9947739171229346	0.10210217339456001	0.0	-0.10210217339456001	0.9947739171229346	0.0	0.0	0.0	1.0	0.019999999999999997
3.141299109116484	6.308189226595822	0.9863652452690252	0.16457096622848105	0.0	-0.16457096622848105	0.9863652452690252	0.0	0.0	0.0	1.0	0.03
3.1410345275333533	6.316546088134608	0.9740186613865223	0.22646776210049704	0.0	-0.22646776210049704	0.9740186613865223	0.0	0.0	0.0	1.0	0.04000000000000001
3.1406869536617226	6.324782216818161	0.9577680661690395	0.2875418776923083	0.0	-0.2875418776923083	0.9577680661690395	0.0	0.0	0.0	1.0	0.05
3.1402577576146515	6.332865142515808	0.9376636571436686	0.3475440491102686	0.0	-0.3475440491102686	0.9376636571436686	0.0	0.0	0.0	1.0	0.06
3.1397486313085676	6.340762996045703	0.913771955961185	0.4062275378391651	0.0	-0.4062275378391651	0.913771955961185	0.0	0.0	0.0	1.0	0.07
3.1391615818257894	6.348444634407334	0.8861757546964096	0.4633492546538181	0.0	-0.4633492546538181	0.8861757546964096	0.0	0.0	0.0	1.0	0.08000000000000002
3.1384989235379406	6.355879763285418	0.854973977876014	0.5186708948407123	0.0	-0.5186708948407123	0.854973977876014	0.0	0.0	0.0	1.0	0.09
3.137763269019906	6.36303905635384	0.8202814575747324	0.5719600775920227	0.0	-0.5719600775920227	0.8202814575747324	0.0	0.0	0.0	1.0	0.1
3.136957518788652	6.369894270915799	0.7822286196134874	0.622991482010451	0.0	-0.622991482010451	0.7822286196134874	0.0	0.0	0.0	1.0	0.11000000000000001
3.1360848499058216	6.376418359425212	0.7409610796467857	0.6715479718148732	0.0	-0.6715479718148732	0.7409610796467857	0.0	0.0	0.0	1.0	0.12
3.1351487034875336	6.382585576445255	0.6966391487329708	0.717421700572684	0.0	-0.717421700572684	0.6966391487329708	0.0	0.0	0.0	1.0	0.13
3.1341527711691644	6.38837158061247	0.6494372488293049	0.760415189112516	0.0	-0.760415189112516	0.6494372488293049	0.0	0.0	0.0	1.0	0.14
3.133100980577171	6.3937535311896205	0.5995432395330168	0.8003423666970628	0.0	-0.8003423666970628	0.5995432395330168	0.0	0.0	0.0	1.0	0.15000000000000002
3.1319974798640717	6.398710178807269	0.5471576582870972	0.8370295675648384	0.0	-0.8370295675648384	0.5471576582870972	0.0	0.0	0.0	1.0	0.16000000000000003
3.1308466213666244	6.403221950013197	0.49249287717264484	0.8703164745850847	0.0	-0.8703164745850847	0.49249287717264484	0.0	0.0	0.0	1.0	0.17000000000000004
3.1296529444509327	6.407271025270146	0.43577218030436876	0.9000570020130818	0.0	-0.9000570020130818	0.43577218030436876	0.0	0.0	0.0	1.0	0.18
3.1284211576117134	6.410841410066165	0.3772287667185605	0.9261201096834006	0.0	-0.9261201096834006	0.3772287667185605	0.0	0.0	0.0	1.0	0.19
3.1271561198961586	6.413918998827888	0.3171046844795795	0.9483905414338052	0.0	-0.9483905414338052	0.3171046844795795	0.0	0.0	0.0	1.0	0.2
3.1258628217258053	6.416491631355404	0.2556497025180569	0.9667694811083091	0.0	-0.9667694811083091	0.2556497025180569	0.0	0.0	0.0	1.0	0.21000000000000002
3.124546365192476	6.418549141527869	0.19312012743856583	0.9811751201381494	0.0	-0.9811751201381494	0.19312012743856583	0.0	0.0	0.0	1.0	0.22000000000000003
3.123211943906708	6.4200833980614505	0.12977757318425365	0.9915431314362506	0.0	-0.9915431314362506	0.12977757318425365	0.0	0.0	0.0	1.0	0.23000000000000004
3.1218648224791075	6.421088337135491	0.06588769200975113	0.9978270451544337	0.0	-0.9978270451544337	0.06588769200975113	0.0	0.0	0.0	1.0	0.24
3.1205103157167158	6.421559986738566	0.0017188756818537186	0.999998522732104	0.0	-0.999998522732104	0.0017188756818537186	0.0	0.0	0.0	1.0	0.25
3.119153767617783	6.42149648262323	-0.06245906380818693	0.9980475265979095	0.0	-0.9980475265979095	-0.06245906380818693	0.0	0.0	0.0	1.0	0.26
3.117800530249268	6.420898075796316	-0.1263762244828542	0.9919823838584328	0.0	-0.9919823838584328	-0.1263762244828542	0.0	0.0	0.0	1.0	0.27
3.116455942591916	6.419767131510388	-0.18976394588982903	0.981829743305998	0.0	-0.981829743305998	-0.18976394588982903	0.0	0.0	0.0	1.0	0.28
3.1151253094379214	6.418108119760974	-0.25235613218752506	0.9676344260862944	0.0	-0.9676344260862944	-0.25235613218752506	0.0	0.0	0.0	1.0	0.29000000000000004
3.1138138804259285	6.415927597333218	-0.3138905572012581	0.9494591713706724	0.0	-0.9494591713706724	-0.3138905572012581	0.0	0.0	0.0	1.0	0.30000000000000004
3.112526829297512	6.413234181480185	-0.37411014205848625	0.9273842793626488	0.0	-0.9273842793626488	-0.37411014205848625	0.0	0.0	0.0	1.0	0.31000000000000005
3.111269233458251	6.410038515352923	-0.4327641963359057	0.9015071549187713	0.0	-0.9015071549187713	-0.4327641963359057	0.0	0.0	0.0	1.0	0.32000000000000006
3.1100460539251262	6.406353225339234	-0.4896096140823451	0.8719417559666112	0.0	-0.8719417559666112	-0.4896096140823451	0.0	0.0	0.0	1.0	0.33000000000000007
3.1088621157402327	6.40219287050354	-0.5444120166119478	0.8388179517443057	0.0	-0.8388179517443057	-0.5444120166119478	0.0	0.0	0.0	1.0	0.3400000000000001
3.1077220889286896	6.39757388435413	-0.5969468345829313	0.8022807966550232	0.0	-0.8022807966550232	-0.5969468345829313	0.0	0.0	0.0	1.0	0.3500000000000001
3.10663047007621	6.392514509196048	-0.6470003225777036	0.7624897262156045	0.0	-0.7624897262156045	-0.6470003225777036	0.0	0.0	0.0	1.0	0.36
3.1055915645990706	6.387034723357886	-0.6943705001685077	0.7196176821727885	0.0	-0.7196176821727885	-0.6943705001685077	0.0	0.0	0.0	1.0	0.37
3.104609469776171	6.381156161608539	-0.738868014276296	0.6738501743558454	0.0	-0.6738501743558454	-0.738868014276296	0.0	0.0	0.0	1.0	0.38
3.103688058609609	6.374902029105498	-0.7803169184957873	0.6253842872260532	0.0	-0.6253842872260532	-0.7803169184957873	0.0	0.0	0.0	1.0	0.39
3.1028309645766456	6.368297009239479	-0.8185553659527378	0.5744276393680752	0.0	-0.5744276393680752	-0.8185553659527378	0.0	0.0	0.0	1.0	0.4
3.102041567332186	6.361367165761012	-0.8534362131664409	0.5211973043446457	0.0	-0.5211973043446457	-0.8534362131664409	0.0	0.0	0.0	1.0	0.41000000000000003
3.1013229794169495	6.35413983959321	-0.8848275332974996	0.46591870140472175	0.0	-0.46591870140472175	-0.8848275332974996	0.0	0.0	0.0	1.0	0.42000000000000004
3.1006780340223785	6.346643540751231	-0.9126130380545995	0.4088244644988287	0.0	-0.4088244644988287	-0.9126130380545995	0.0	0.0	0.0	1.0	0.43000000000000005
3.100109273859049	6.338907835803135	-0.9366924084016027	0.35015329791793376	0.0	-0.35015329791793376	-0.9366924084016027	0.0	0.0	0.0	1.0	0.44000000000000006
3.099618941170946	6.330963231319031	-0.9569815350359205	0.29014882663952507	0.0	-0.29014882663952507	-0.9569815350359205	0.0	0.0	0.0	1.0	0.45000000000000007
3.099208968933442	6.32284105376569	-0.9734126703900148	0.22905844914383897	0.0	-0.22905844914383897	-0.9734126703900148	0.0	0.0	0.0	1.0	0.4600000000000001
3.098880973268187	6.314573326312414	-0.9859344946304499	0.16713220006270335	0.0	-0.16713220006270335	-0.9859344946304499	0.0	0.0	0.0	1.0	0.4700000000000001
3.098636247103448	6.306192643020974	-0.9945120987850047	0.10462162955261789	0.0	-0.10462162955261789	-0.9945120987850047	0.0	0.0	0.0	1.0	0.48
3.0984757551036575	6.297732040898091	-0.9991268887111567	0.041778705752618425	0.0	-0.041778705752618425	-0.9991268887111567	0.0	0.0	0.0	1.0	0.49
3.09840012988713	6.289224870293296	-0.9997764141235761	-0.021145253893103625	0.0	0.021145253893103625	-0.9997764141235761	0.0	0.0	0.0	1.0	0.5
3.09840966954606	6.280704664128248	-0.9964741273203607	-0.08390061728691763	0.0	0.08390061728691763	-0.9964741273203607	0.0	0.0	0.0	1.0	0.51
3.0985043364780416	6.272205006445838	-0.9892490765854383	-0.14624043378921472	0.0	0.14624043378921472	-0.9892490765854383	0.0	0.0	0.0	1.0	0.52
3.0986837575334634	6.263759400768641	-0.9781455394971315	-0.2079213879375223	0.0	0.2079213879375223	-0.9781455394971315	0.0	0.0	0.0	1.0	0.53
3.098947225478222	6.255401138756643	-0.9632226015410346	-0.2687047075890585	0.0	0.2687047075890585	-0.9632226015410346	0.0	0.0	0.0	1.0	0.54
3.099293701766316	6.247163169653636	-0.944553685511126	-0.3283570239653006	0.0	0.3283570239653006	-0.944553685511126	0.0	0.0	0.0	1.0	0.55
3.099721820611981	6.239077971010211	-0.9222260371896783	-0.38665118172510743	0.0	0.38665118172510743	-0.9222260371896783	0.0	0.0	0.0	1.0	0.56
3.100229894346174	6.231177421168857	-0.8963401727283954	-0.443366997816967	0.0	0.443366997816967	-0.8963401727283954	0.0	0.0	0.0	1.0	0.5700000000000001
3.1008159200373546	6.223492673993183	-0.8670092930156118	-0.49829196845280294	0.0	0.49829196845280294	-0.8670092930156118	0.0	0.0	0.0	1.0	0.5799999999999998
3.1014775873517384	6.216054036318671	-0.8343586701134834	-0.5512219240981435	0.0	0.5512219240981435	-0.8343586701134834	0.0	0.0	0.0	1.0	0.5900000000000001
3.102212287623436	6.208890848596413	-0.7985250105917074	-0.6019616328799648	0.0	0.6019616328799648	-0.7985250105917074	0.0	0.0	0.0	1.0	0.5999999999999999
3.1030171241002154	6.202031369193932	-0.7596558002777613	-0.6503253532689266	0.0	0.6503253532689266	-0.7596558002777613	0.0	0.0	0.0	1.0	0.6100000000000001
3.103888923326032	6.195502662808246	-0.717908634595777	-0.6961373372925972	0.0	0.6961373372925972	-0.717908634595777	0.0	0.0	0.0	1.0	0.6199999999999999
3.104824247616972	6.1893304934356035	-0.6734505382848439	-0.7392322858776219	0.0	0.7392322858776219	-0.6734505382848439	0.0	0.0	0.0	1.0	0.6300000000000001
3.1058194085828665	6.183539222329739	-0.6264572778810596	-0.7794557581991763	0.0	0.7794557581991763	-0.6264572778810596	0.0	0.0	0.0	1.0	0.6399999999999999
3.106870481642592	6.17815171136583	-0.5771126699239648	-0.816664537134577	0.0	0.816664537134577	-0.5771126699239648	0.0	0.0	0.0	1.0	0.6500000000000001
3.1079733214769867	6.17318923221053	-0.5256078874153396	-0.8507269530741246	0.0	0.8507269530741246	-0.5256078874153396	0.0	0.0	0.0	1.0	0.6599999999999999
3.1091235783593945	6.168671381679395	-0.47214076662428023	-0.8815231684371302	0.0	0.8815231684371302	-0.47214076662428023	0.0	0.0	0.0	1.0	0.6700000000000002
3.110316715300148	6.164616003641614	-0.41691511590477304	-0.9089454252759677	0.0	0.9089454252759677	-0.41691511590477304	0.0	0.0	0.0	1.0	0.6799999999999999
3.111548025937817	6.161039117808243	-0.3601400277774904	-0.9328982583285428	0.0	0.9328982583285428	-0.3601400277774904	0.0	0.0	0.0	1.0	0.6900000000000002
3.1128126531068143	6.1579548557141	-0.3020291951331947	-0.9532986758027069	0.0	0.9532986758027069	-0.3020291951331947	0.0	0.0	0.0	1.0	0.7
3.1141056080079976	6.155375404175143	-0.24280023204681647	-0.9700763100488601	0.0	0.9700763100488601	-0.24280023204681647	0.0	0.0	0.0	1.0	0.71
3.115421789906224	6.1533109564727315	-0.18267399935483913	-0.9831735401035304	0.0	0.9831735401035304	-0.18267399935483913	0.0	0.0	0.0	1.0	0.72
3.1167560062764763	6.151769671483677	-0.12187393484879536	-0.9925455878721499	0.0	0.9925455878721499	-0.12187393484879536	0.0	0.0	0.0	1.0	0.73
3.118102993318156	6.150757640940785	-0.06062538767900732	-0.998160589468834	0.0	0.998160589468834	-0.06062538767900732	0.0	0.0	0.0	1.0	0.74
3.119457436755461	6.150278864972721	0.0008450436512815955	-0.99999964295055	0.0	0.99999964295055	0.0008450436512815955	0.0	0.0	0.0	1.0	0.75
3.120813992840474	6.1503352360349774	0.06231017048748007	-0.9980568333786514	0.0	0.9980568333786514	0.06231017048748007	0.0	0.0	0.0	1.0	0.76
3.12216730947466	6.150926531305615	0.12354287132327184	-0.9923392358186799	0.0	0.9923392358186799	0.12354287132327184	0.0	0.0	0.0	1.0	0.77
3.123512047363912	6.152050413580709	0.18431674816531324	-0.9828668965560721	0.0	0.9828668965560721	0.18431674816531324	0.0	0.0	0.0	1.0	0.78
3.1248429011221543	6.153702440665393	0.24440678294230064	-0.9696727924675391	0.0	0.9696727924675391	0.24440678294230064	0.0	0.0	0.0	1.0	0.79
3.1261546202387205	6.1558760832173505	0.30358999489744354	-0.9528027681520296	0.0	0.9528027681520296	0.30358999489744354	0.0	0.0	0.0	1.0	0.8
3.1274420298253816	6.1585627509610115	0.36164609981119317	-0.932315450097955	0.0	0.932315450097955	0.36164609981119317	0.0	0.0	0.0	1.0	0.81
3.1287000510598744	6.16175182715278	0.4183581717582897	-0.9082821368512437	0.0	0.9082821368512437	0.4183581717582897	0.0	0.0	0.0	1.0	0.8200000000000001
3.1299237212441824	6.165430711140762	0.4735133079118438	-0.8807866638581577	0.0	0.8807866638581577	0.4735133079118438	0.0	0.0	0.0	1.0	0.8300000000000001
3.131108213397564	6.16958486882699	0.5269032966699946	-0.8499252413937898	0.0	0.8499252413937898	0.5269032966699946	0.0	0.0	0.0	1.0	0.8399999999999999
3.1322488553063983	6.174197890806202	0.5783252891011265	-0.8158062637575778	0.0	0.8158062637575778	0.5783252891011265	0.0	0.0	0.0	1.0	0.8500000000000001
3.1333411479553614	6.179251557923216	0.627582473385744	-0.7785500877265584	0.0	0.7785500877265584	0.627582473385744	0.0	0.0	0.0	1.0	0.8599999999999999
3.1343807832671584	6.184725913960925	0.6744847515817131	-0.738288778110405	0.0	0.738288778110405	0.6744847515817131	0.0	0.0	0.0	1.0	0.8700000000000001
3.1353636610810662	6.190599345143072	0.7188494176598688	-0.6951658181542498	0.0	0.6951658181542498	0.7188494176598688	0.0	0.0	0.0	1.0	0.8799999999999999
3.1362859053038274	6.196848666110427	0.7605018353551154	-0.6493357824896924	0.0	0.6493357824896924	0.7605018353551154	0.0	0.0	0.0	1.0	0.8900000000000001
3.1371438791699684	6.203449212005746	0.7992761139602554	-0.6009639703448061	0.0	0.6009639703448061	0.7992761139602554	0.0	0.0	0.0	1.0	0.8999999999999999
3.1379341995523604	6.210374936281997	0.8350157797630963	-0.5502259967927983	0.0	0.5502259967927983	0.8350157797630963	0.0	0.0	0.0	1.0	0.9100000000000001
3.1386537502678027	6.21759851382975	0.8675744403989059	-0.4973073399483717	0.0	0.4973073399483717	0.8675744403989059	0.0	0.0	0.0	1.0	0.9199999999999999
3.1392996943265183	6.225091449003284	0.8968164389679381	-0.4424028422115603	0.0	0.4424028422115603	0.8968164389679381	0.0	0.0	0.0	1.0	0.9300000000000002
3.1398694850787434	6.2328241881107544	0.9226174943591549	-0.3857161639112818	0.0	0.3857161639112818	0.9226174943591549	0.0	0.0	0.0	1.0	0.94
3.14036087621598	6.240766235921576	0.9448653238346807	-0.32745918801399365	0.0	0.32745918801399365	0.9448653238346807	0.0	0.0	0.0	1.0	0.9500000000000002
3.140771930589032	6.248886275733836	0.9634602435727958	-0.2678513749351479	0.0	0.2678513749351479	0.9634602435727958	0.0	0.0	0.0	1.0	0.96
3.1411010278095253	6.257152292535981	0.978315742548583	-0.20711906691952525	0.0	0.20711906691952525	0.978315742548583	0.0	0.0	0.0	1.0	0.97
3.1413468706063377	6.265531698789926	0.989359024858292	-0.14549474193746545	0.0	0.14549474193746545	0.989359024858292	0.0	0.0	0.0	1.0	0.98
3.1415084899131016	6.273991462357139	0.9965315153736796	-0.0832162175722861	0.0	0.0832162175722861	0.9965315153736796	0.0	0.0	0.0	1.0	0.99
3.1415852486677576	6.282498236084839	0.9997893234528661	-0.02052580594423648	0.0	0.02052580594423648	0.9997893234528661	0.0	0.0	0.0	1.0	1.0
3.1415768443099816	6.291018488566207	0.9991036593410627	0.04233057867898589	0.0	-0.04233057867898589	0.9991036593410627	0.0	0.0	0.0	1.0	1.0099999999999998
3.141483309967179	6.299518635586297	0.994461197873415	0.10510435730345653	0.0	-0.10510435730345653	0.994461197873415	0.0	0.0	0.0	1.0	1.02
3.1413050143246357	6.307965171764074	0.9858643841479009	0.1675452657304294	0.0	-0.1675452657304294	0.9858643841479009	0.0	0.0	0.0	1.0	1.0299999999999998
3.1410426601803008	6.316324801900657	0.9733316759723579	0.2294023725876451	0.0	-0.2294023725876451	0.9733316759723579	0.0	0.0	0.0	1.0	1.04
3.140697281689589	6.324564571544362	0.9568977181088236	0.29042513162280975	0.0	-0.29042513162280975	0.9568977181088236	0.0	0.0	0.0	1.0	1.0499999999999998
3.1402702403104685	6.332651996284656	0.9366134436416507	0.3503644633659761	0.0	-0.3503644633659761	0.9366134436416507	0.0	0.0	0.0	1.0	1.06
3.139763219463969	6.340555189289503	0.9125460981832234	0.408973860644632	0.0	-0.408973860644632	0.9125460981832234	0.0	0.0	0.0	1.0	1.0699999999999998
3.1391782179300862	6.3482429866041	0.8847791831008962	0.46601051184636466	0.0	-0.46601051184636466	0.8847791831008962	0.0	0.0	0.0	1.0	1.08
3.1385175420038562	6.355685069733608	0.8534123144980386	0.5212364352797118	0.0	-0.5212364352797118	0.8534123144980386	0.0	0.0	0.0	1.0	1.0899999999999999
3.137783796441119	6.362852085038441	0.818560995306086	0.5744196174953549	0.0	-0.5744196174953549	0.818560995306086	0.0	0.0	0.0	1.0	1.1
3.13697987422817	6.369715759477984	0.7803562985373299	0.6253351480071447	0.0	-0.6253351480071447	0.7803562985373299	0.0	0.0	0.0	1.0	1.1099999999999999
3.136108945214092	6.376249012247572	0.738944460502096	0.6737663425055206	0.0	-0.6737663425055206	0.738944460502096	0.0	0.0	0.0	1.0	1.12
3.135174443649074	6.3824260618642885	0.6944863836002217	0.7195058463931239	0.0	-0.7195058463931239	0.6944863836002217	0.0	0.0	0.0	1.0	1.13
3.1341800546763903	6.3882225282696465	0.6471570491448966	0.7623567103017261	0.0	-0.7623567103017261	0.6471570491448966	0.0	0.0	0.0	1.0	1.1400000000000001
3.1331296998299734	6.393615529531917	0.5971448415558426	0.8021334291769965	0.0	-0.8021334291769965	0.5971448415558426	0.0	0.0	0.0	1.0	1.15
3.1320275215935967	6.3985837727476085	0.5446507861559396	0.8386629365482399	0.0	-0.8386629365482399	0.5446507861559396	0.0	0.0	0.0	1.0	1.1599999999999997
3.130877867081611	6.403107638760665	0.48988770370786966	0.8717855457369263	0.0	-0.8717855457369263	0.48988770370786966	0.0	0.0	0.0	1.0	1.17
3.1296852709048637	6.40716926033927	0.43307928572138876	0.9013558300022537	0.0	-0.9013558300022537	0.43307928572138876	0.0	0.0	0.0	1.0	1.1799999999999997
3.1284544372889402	6.410752593473879	0.37445909543366357	0.9272434339735183	0.0	-0.9272434339735183	0.37445909543366357	0.0	0.0	0.0	1.0	1.19
3.127190221515085	6.413843481486074	0.3142695002008871	0.9493338091754052	0.0	-0.9493338091754052	0.3142695002008871	0.0	0.0	0.0	1.0	1.1999999999999997
3.1258976107571406	6.416429711666123	0.2527605418253666	0.9675288670092212	0.0	-0.9675288670092212	0.2527605418253666	0.0	0.0	0.0	1.0	1.21
3.1245817043904953	6.418501064187553	0.1901887520656805	0.9817475432043103	0.0	-0.9817475432043103	0.1901887520656805	0.0	0.0	0.0	1.0	1.2199999999999998
3.1232476938514058	6.420049353079443	0.12681592122584595	0.991926268491585	0.0	-0.991926268491585	0.12681592122584595	0.0	0.0	0.0	1.0	1.23
3.121900842127074	6.421068459071378	0.06290782828195106	0.9980193410655169	0.0	-0.9980193410655169	0.06290782828195106	0.0	0.0	0.0	1.0	1.2399999999999998
3.1205464629585298	6.421554354161779	-0.0012670585286669994	0.9999991972810203	0.0	-0.9999991972810203	-0.0012670585286669994	0.0	0.0	0.0	1.0	1.25
3.1191898998396894	6.421505117797394	-0.06543890136771298	0.9978565779648831	0.0	-0.9978565779648831	-0.06543890136771298	0.0	0.0	0.0	1.0	1.2599999999999998
3.117836504896882	6.4209209445897875	-0.12933782316528	0.9916005886942922	0.0	-0.9916005886942922	-0.12933782316528	0.0	0.0	0.0	1.0	1.27
3.116491617733688	6.4198041435334	-0.19269523902004004	0.9812586533931865	0.0	-0.9812586533931865	-0.19269523902004004	0.0	0.0	0.0	1.0	1.2799999999999998
3.115160544326096	6.418159128728754	-0.25524517893176146	0.966876361605812	0.0	-0.966876361605812	-0.25524517893176146	0.0	0.0	0.0	1.0	1.29
3.1138485360527555	6.415992401653413	-0.31672559226489627	0.9485172108108797	0.0	-0.9485172108108797	-0.31672559226489627	0.0	0.0	0.0	1.0	1.2999999999999998
3.1125607689444657	6.413312525061907	-0.3768796245555225	0.9262622461241138	0.0	-0.9262622461241138	-0.3768796245555225	0.0	0.0	0.0	1.0	1.31
3.111302323236068	6.410130088633736	-0.4354568575997107	0.9002096006871874	0.0	-0.9002096006871874	-0.4354568575997107	0.0	0.0	0.0	1.0	1.3199999999999998
3.1100781633025023	6.406457666525422	-0.49221450419412105	0.8704739409430564	0.0	-0.8704739409430564	-0.49221450419412105	0.0	0.0	0.0	1.0	1.33
3.108893118059073	6.402309767018098	-0.5469185494315146	0.8371858218386932	0.0	-0.8371858218386932	-0.5469185494315146	0.0	0.0	0.0	1.0	1.3399999999999999
3.107751861903861	6.397702774486008	-0.5993448310760862	0.8004909577642823	0.0	-0.8004909577642823	-0.5993448310760862	0.0	0.0	0.0	1.0	1.35
3.106658896277833	6.392654883943379	-0.6492800522451839	0.7605494157229308	0.0	-0.7605494157229308	-0.6492800522451839	0.0	0.0	0.0	1.0	1.3599999999999999
3.1056185319154315	6.387186028457139	-0.6965227203936005	0.7175347378179667	0.0	-0.7175347378179667	-0.6965227203936005	0.0	0.0	0.0	1.0	1.37
3.1046348718554544	6.381317799740832	-0.7408840074211077	0.671633000639218	0.0	-0.671633000639218	-0.7408840074211077	0.0	0.0	0.0	1.0	1.38
3.1037117952787168	6.375073362270669	-0.782188526590135	0.623041819519969	0.0	-0.623041819519969	-0.782188526590135	0.0	0.0	0.0	1.0	1.3900000000000001
3.1028529422354767	6.368477361287891	-0.8202750228342902	0.5719693059196488	0.0	-0.5719693059196488	-0.8202750228342902	0.0	0.0	0.0	1.0	1.4
3.1020616993218533	6.361555825072583	-0.8549969739461054	0.518632986362228	0.0	-0.518632986362228	-0.8549969739461054	0.0	0.0	0.0	1.0	1.4099999999999997
3.101341186360514	6.35433606189267	-0.8862231010398671	0.46325869142767473	0.0	-0.46325869142767473	-0.8862231010398671	0.0	0.0	0.0	1.0	1.42
3.1006942441367946	6.346846552048199	-0.913837787579466	0.40607942325592755	0.0	-0.40607942325592755	-0.913837787579466	0.0	0.0	0.0	1.0	1.4299999999999997
3.100123423237136	6.339116835445276	-0.9377414071289987	0.34733420988397573	0.0	-0.34733420988397573	-0.9377414071289987	0.0	0.0	0.0	1.0	1.44
3.0996309740323094	6.331177395146232	-0.9578505608135371	0.2872669545025886	0.0	-0.2872669545025886	-0.9578505608135371	0.0	0.0	0.0	1.0	1.4499999999999997
3.0992188378433965	6.323059537352955	-0.9740982262583308	0.22612528739699567	0.0	-0.22612528739699567	-0.9740982262583308	0.0	0.0	0.0	1.0	1.46
3.098888639323864	6.314795268288972	-0.9864338204970311	0.1641594279340392	0.0	-0.1641594279340392	-0.9864338204970311	0.0	0.0	0.0	1.0	1.4699999999999998
3.0986416800863785	6.306417168452917	-0.9948231799953019	0.10162106348604742	0.0	-0.10162106348604742	-0.9948231799953019	0.0	0.0	0.0	1.0	1.48
3.098478933598264	6.297958264721731	-0.9992484615184889	0.038762251649421674	0.0	-0.038762251649421674	-0.9992484615184889	0.0	0.0	0.0	1.0	1.4899999999999998
3.0984010413646863	6.28945190078632	-0.999707968075788	-0.02416564846593961	0.0	0.02416564846593961	-0.999707968075788	0.0	0.0	0.0	1.0	1.5
3.0984083104138027	6.280931606405694	-0.9962159045947466	-0.08691301072032061	0.0	0.08691301072032061	-0.9962159045947466	0.0	0.0	0.0	1.0	1.5099999999999998
3.0985007120932546	6.2724309659678505	-0.9888020683168677	-0.1492329376923367	0.0	0.1492329376923367	-0.9888020683168677	0.0	0.0	0.0	1.0	1.52
3.0986778821824768	6.2639834868469535	-0.9775114791567974	-0.2108822138462374	0.0	0.2108822138462374	-0.9775114791567974	0.0	0.0	0.0	1.0	1.5299999999999998
3.09893912232041	6.255622468046734	-0.962403955434832	-0.27162221294178035	0.0	0.27162221294178035	-0.962403955434832	0.0	0.0	0.0	1.0	1.54
3.099283402743297	6.247380869619528	-0.9435536404772864	-0.3312197571734813	0.0	0.3312197571734813	-0.9435536404772864	0.0	0.0	0.0	1.0	1.5499999999999998
3.0997093663223656	6.239291183348946	-0.9210484855849178	-0.38944792617464224	0.0	0.38944792617464224	-0.9210484855849178	0.0	0.0	0.0	1.0	1.56
3.100215333886317	6.231385305181738	-0.8949896948004717	-0.4460868146459367	0.0	0.4460868146459367	-0.8949896948004717	0.0	0.0	0.0	1.0	1.5699999999999998
3.1007993108087213	6.223694409890997	-0.8654911367677905	-0.5009242379605899	0.0	0.5009242379605899	-0.8654911367677905	0.0	0.0	0.0	1.0	1.58
3.1014589948355993	6.216248828448242	-0.8326787287730525	-0.5537563856506698	0.0	0.5537563856506698	-0.8326787287730525	0.0	0.0	0.0	1.0	1.5899999999999999
3.1021917851237433	6.209077928576006	-0.7966897978003089	-0.6043884231857051	0.0	0.6043884231857051	-0.7966897978003089	0.0	0.0	0.0	1.0	1.6
3.1029947924556316	6.202209998945258	-0.7576724231260635	-0.6526350429101088	0.0	0.6526350429101088	-0.7576724231260635	0.0	0.0	0.0	1.0	1.6099999999999999
3.1038648505922097	6.195672137473052	-0.7157847646288036	-0.6983209654057999	0.0	0.6983209654057999	-0.7157847646288036	0.0	0.0	0.0	1.0	1.62
3.104798528720292	6.189490144165174	-0.6711943806073427	-0.7412813928874281	0.0	0.7412813928874281	-0.6711943806073427	0.0	0.0	0.0	1.0	1.63
3.1057921449469665	6.183688418935978	-0.6240775384945019	-0.7813624165178689	0.0	0.7813624165178689	-0.6240775384945019	0.0	0.0	0.0	1.0	1.6400000000000001
3.106841780789122	6.178289864823007	-0.5746185214284065	-0.8184213797497178	0.0	0.8184213797497178	-0.5746185214284065	0.0	0.0	0.0	1.0	1.65
3.10794329660214	6.1733157969972625	-0.5230089332103046	-0.8523271999544654	0.0	0.8523271999544654	-0.5230089332103046	0.0	0.0	0.0	1.0	1.6600000000000001
3.109092347887859	6.168785857950973	-0.4694470037433593	-0.8829606506953651	0.0	0.8829606506953651	-0.4694470037433593	0.0	0.0	0.0	1.0	1.67
3.110284402418223	6.16471793922337	-0.41413689661861025	-0.9102146070345754	0.0	0.9102146070345754	-0.41413689661861025	0.0	0.0	0.0	1.0	1.6799999999999997
3.1115147581075284	6.161128110001339	-0.3572880200996133	-0.9339942562421347	0.0	0.9339942562421347	-0.3572880200996133	0.0	0.0	0.0	1.0	1.69
3.112778561562945	6.158030552905822	-0.29911434236252094	-0.9542172761971126	0.0	0.9542172761971126	-0.29911434236252094	0.0	0.0	0.0	1.0	1.6999999999999997
3.1140708272400217	6.155437507246571	-0.23983371147998483	-0.9708139836434864	0.0	0.9708139836434864	-0.23983371147998483	0.0	0.0	0.0	1.0	1.71
3.115386457127205	6.153359219997507	-0.17966718030067746	-0.983727454289451	0.0	0.983727454289451	-0.17966718030067746	0.0	0.0	0.0	1.0	1.7199999999999998
3.116720260881047	6.151803904712473	-0.11883833607636067	-0.992913616523916	0.0	0.992913616523916	-0.11883833607636067	0.0	0.0	0.0	1.0	1.73
3.118066976331744	6.150777708567002	-0.05757263442983724	-0.9983413202731861	0.0	0.9983413202731861	-0.05757263442983724	0.0	0.0	0.0	1.0	1.7399999999999998
3.119421290276965	6.15028468767593	0.0039032629568559467	-0.9999923822401298	0.0	0.9999923822401298	0.0039032629568559467	0.0	0.0	0.0	1.0	1.75
3.1207778594806315	6.150326790799617	0.0653621477206883	-0.9978616084634877	0.0	0.9978616084634877	0.0653621477206883	0.0	0.0	0.0	1.0	1.7599999999999998
3.122131331792354	6.150903851513481	0.12657692216516395	-0.9919567948127549	0.0	0.9919567948127549	0.12657692216516395	0.0	0.0	0.0	1.0	1.77
3.123476367302691	6.15201358887681	0.18732125554440934	-0.9822987057006979	0.0	0.9822987057006979	0.18732125554440934	0.0	0.0	0.0	1.0	1.7799999999999998
3.1248076594492185	6.153651616597783	0.24737024026326251	-0.9689210309576812	0.0	0.9689210309576812	0.24737024026326251	0.0	0.0	0.0	1.0	1.79
3.1261199559886395	6.155811460652605	0.30650104893227825	-0.9518703204761735	0.0	0.9518703204761735	0.30650104893227825	0.0	0.0	0.0	1.0	1.7999999999999998
3.1274080797507633	6.158484585278016	0.36449359312429463	-0.9312058959066685	0.0	0.9312058959066685	0.36449359312429463	0.0	0.0	0.0	1.0	1.81
3.1286669490911914	6.161660427218489	0.4211311845361947	-0.9069997383743512	0.0	0.9069997383743512	0.4211311845361947	0.0	0.0	0.0	1.0	1.8199999999999998
3.1298915979609103	6.165326438072593	0.4762011990681273	-0.8793363508954226	0.0	0.8793363508954226	0.4762011990681273	0.0	0.0	0.0	1.0	1.83
3.1310771955127397	6.169468134547392	0.5294957440951397	-0.8483125939093055	0.0	0.8483125939093055	0.5294957440951397	0.0	0.0	0.0	1.0	1.8399999999999999
3.1322190651666433	6.17406915639586	0.5808123289266905	-0.8140374921136948	0.0	0.8140374921136948	0.5808123289266905	0.0	0.0	0.0	1.0	1.85
3.1333127030583507	6.179111331780162	0.6299545381316316	-0.7766320105992044	0.0	0.7766320105992044	0.6299545381316316	0.0	0.0	0.0	1.0	1.8599999999999999
3.134353795798433	6.184574749773592	0.6767327070550312	-0.7362287981340919	0.0	0.7362287981340919	0.6767327070550312	0.0	0.0	0.0	1.0	1.87
3.135338237472008	6.19043783968606	0.720964598473705	-0.6929718953519323	0.0	0.6929718953519323	0.720964598473705	0.0	0.0	0.0	1.0	1.88
3.136262145812524	6.196677456872386	0.7624760789357397	-0.6470164055499519	0.0	0.6470164055499519	0.7624760789357397	0.0	0.0	0.0	1.0	1.8900000000000001
3.137121877486596	6.203268974659374	0.8011017929117951	-0.5985281258165797	0.0	0.5985281258165797	0.8011017929117951	0.0	0.0	0.0	1.0	1.9
3.13791404243061	6.210186382006678	0.8366858324597425	-0.5476831362760294	0.0	0.5476831362760294	0.8366858324597425	0.0	0.0	0.0	1.0	1.9100000000000001
3.13863551718377	6.217402386497825	0.8690823996762713	-0.4946673453675042	0.0	0.4946673453675042	0.8690823996762713	0.0	0.0	0.0	1.0	1.92
3.1392834571663673	6.2248885222413515	0.8981564587873835	-0.43967598926767304	0.0	0.43967598926767304	0.8981564587873835	0.0	0.0	0.0	1.0	1.9299999999999997
3.1398553078563274	6.232615262247752	0.923784374321798	-0.38291308381783495	0.0	0.38291308381783495	0.923784374321798	0.0	0.0	0.0	1.0	1.94
3.1403488148215017	6.240552134835688	0.9458545314254843	-0.32459082763053815	0.0	0.32459082763053815	0.9458545314254843	0.0	0.0	0.0	1.0	1.9499999999999997
3.140762032569685	6.248667843610538	0.9642679340196725	-0.26492895542283174	0.0	0.26492895542283174	0.9642679340196725	0.0	0.0	0.0	1.0	1.96
3.141093332182946	6.256930390549726	0.9789387761868457	-0.2041540410518508	0.0	0.2041540410518508	0.9789387761868457	0.0	0.0	0.0	1.0	1.9699999999999998
3.141341407707574	6.265307201722154	0.9897949818971723	-0.14249875020917263	0.0	0.14249875020917263	0.9897949818971723	0.0	0.0	0.0	1.0	1.98
3.14150528127566	6.27376525516342	0.9967787079689363	-0.08020104325866333	0.0	0.08020104325866333	0.9967787079689363	0.0	0.0	0.0	1.0	1.9899999999999998
3.141584306939182	6.282271210424071	0.9998468049978408	-0.0175033292721612	0.0	0.0175033292721612	0.9998468049978408	0.0	0.0	0.0	1.0	2.0
3.141578173202275	6.290791539304846	0.9989712308978321	0.045348427078236296	0.0	-0.045348427078236296	0.9989712308978321	0.0	0.0	0.0	1.0	2.01
3.141486904242255	6.299292657290667	0.9941394116759779	0.10810564348145998	0.0	-0.10810564348145998	0.9941394116759779	0.0	0.0	0.0	1.0	2.0199999999999996
3.1413108598148485	6.307741055193802	0.9853545441205659	0.17051809986318706	0.0	-0.17051809986318706	0.9853545441205659	0.0	0.0	0.0	1.0	2.0300000000000002
3.1410507338439833	6.316103430516279	0.9726358352186502	0.2323349565788987	0.0	-0.2323349565788987	0.9726358352186502	0.0	0.0	0.0	1.0	2.04
3.140707551701391	6.324346818042153	0.9560186733392121	0.29330580667067097	0.0	-0.29330580667067097	0.9560186733392121	0.0	0.0	0.0	1.0	2.05
3.1402826661861547	6.332438719171635	0.9355547265221968	0.3531817572893276	0.0	-0.3531817572893276	0.9355547265221968	0.0	0.0	0.0	1.0	2.0599999999999996
3.139777752219214	6.340347229511516	0.9113119636017177	0.411716534761942	0.0	-0.411716534761942	0.9113119636017177	0.0	0.0	0.0	1.0	2.0699999999999994
3.1391948002726706	6.348041164239782	0.8833745943621375	0.4686676071967521	0.0	-0.4686676071967521	0.8833745943621375	0.0	0.0	0.0	1.0	2.08
3.1385361085585415	6.355490180766867	0.8518429254754841	0.5237973179745854	0.0	-0.5237973179745854	0.8518429254754841	0.0	0.0	0.0	1.0	2.09
3.1378042740063528	6.362664898221942	0.8168331295930403	0.5768740229887626	0.0	-0.5768740229887626	0.8168331295930403	0.0	0.0	0.0	1.0	2.0999999999999996
3.1370021820636524	6.369537013299884	0.7784769256570557	0.6276732240740711	0.0	-0.6276732240740711	0.7784769256570557	0.0	0.0	0.0	1.0	2.1099999999999994
3.13613299535811	6.37607941201353	0.736921169252515	0.6759786907199857	0.0	-0.6759786907199857	0.736921169252515	0.0	0.0	0.0	1.0	2.12
3.1352001412643897	6.382266276906405	0.6923273526251656	0.7215835619018974	0.0	-0.7215835619018974	0.6923273526251656	0.0	0.0	0.0	1.0	2.13
3.134207298423361	6.388073189293696	0.6448710148399481	0.7642914196949324	0.0	-0.7642914196949324	0.6448710148399481	0.0	0.0	0.0	1.0	2.1399999999999997
3.1331583822654596	6.393477226113763	0.5947410634326384	0.8039173262637237	0.0	-0.8039173262637237	0.5947410634326384	0.0	0.0	0.0	1.0	2.1499999999999995
3.132057529594123	6.398457050989252	0.5421390098040897	0.8402888158535975	0.0	-0.8402888158535975	0.5421390098040897	0.0	0.0	0.0	1.0	2.16
3.130909082289123	6.402992999115807	0.48727812150840366	0.8732468335466448	0.0	-0.8732468335466448	0.48727812150840366	0.0	0.0	0.0	1.0	2.17
3.1297175701933457	6.4070671556177095	0.43038249547956475	0.902646612791951	0.0	-0.902646612791951	0.43038249547956475	0.0	0.0	0.0	1.0	2.1799999999999997
3.128487693250059	6.41066342703337	0.3716860571121787	0.9283584840719679	0.0	-0.9283584840719679	0.3716860571121787	0.0	0.0	0.0	1.0	2.1899999999999995
3.1272243029609474	6.413767605619557	0.31143149094651806	0.9502686075246456	0.0	-0.9502686075246456	0.31143149094651806	0.0	0.0	0.0	1.0	2.2
3.125932383238169	6.41636742619147	0.24986910949316374	0.9682796228988263	0.0	-0.9682796228988263	0.24986910949316374	0.0	0.0	0.0	1.0	2.21
3.12461703072637	6.4184526152461165	0.18725566745449457	0.9823112108726907	0.0	-0.9823112108726907	0.18725566745449457	0.0	0.0	0.0	1.0	2.2199999999999998
3.123283434672955	6.420014932148823	0.12385312924755296	0.9923005605035146	0.0	-0.9923005605035146	0.12385312924755296	0.0	0.0	0.0	1.0	2.2299999999999995
3.121936856426946	6.421048202196874	0.059927398293656245	0.9982027383922334	0.0	-0.9982027383922334	0.059927398293656245	0.0	0.0	0.0	1.0	2.24
3.120582608648443	6.421548341410031	-0.004252982994462522	0.9999909560269277	0.0	-0.9999909560269277	-0.004252982994462522	0.0	0.0	0.0	1.0	2.25
3.1192260343120233	6.421513372934718	-0.0684181532360588	0.9976567327030712	0.0	-0.9976567327030712	-0.0684181532360588	0.0	0.0	0.0	1.0	2.26
3.117872485588357	6.420943434986676	-0.13229826257326338	0.9912099523915687	0.0	-0.9912099523915687	-0.13229826257326338	0.0	0.0	0.0	1.0	2.2699999999999996
3.1165273026888634	6.419840780295633	-0.19562480395047446	0.980678813923977	0.0	-0.980678813923977	-0.19562480395047446	0.0	0.0	0.0	1.0	2.2800000000000002
3.1151957927584317	6.418209767054507	-0.2581319354842966	0.9661096748729572	0.0	-0.9661096748729572	-0.2581319354842966	0.0	0.0	0.0	1.0	2.29
3.1138832089009716	6.416056841414741	-0.3195577843251651	0.9475667905098782	0.0	-0.9475667905098782	-0.3195577843251651	0.0	0.0	0.0	1.0	2.3
3.112594729421981	6.413390511607925	-0.37964572262664065	0.9251319502056428	0.0	-0.9251319502056428	-0.37964572262664065	0.0	0.0	0.0	1.0	2.3099999999999996
3.11133543737131	6.41022131381185	-0.43814560656596124	0.8989040145905156	0.0	-0.8989040145905156	-0.43814560656596124	0.0	0.0	0.0	1.0	2.3199999999999994
3.110110300467933	6.4065617699159905	-0.4948149697934182	0.8689983576902426	0.0	-0.8689983576902426	-0.4948149697934182	0.0	0.0	0.0	1.0	2.33
3.108924151486823	6.402426337376958	-0.549420163221563	0.8355462190959824	0.0	-0.8355462190959824	-0.549420163221563	0.0	0.0	0.0	1.0	2.34
3.1077816691859255	6.397831351388453	-0.6017374336887745	0.7986939719928076	0.0	-0.7986939719928076	-0.6017374336887745	0.0	0.0	0.0	1.0	2.3499999999999996
3.106687359848847	6.392794959622313	-0.6515539347345731	0.7586023135555913	0.0	-0.7586023135555913	-0.6515539347345731	0.0	0.0	0.0	1.0	2.3599999999999994
3.105645539516129	6.387337049827387	-0.6986686634949182	0.7154453848130022	0.0	-0.7154453848130022	-0.6986686634949182	0.0	0.0	0.0	1.0	2.37
3.1046603169749845	6.3814791706008585	-0.7428933185511807	0.6694098275735232	0.0	-0.6694098275735232	-0.7428933185511807	0.0	0.0	0.0	1.0	2.38
3.103735577574095	6.375244445672292	-0.7840530744336526	0.6206937863964301	0.0	-0.6206937863964301	-0.7840530744336526	0.0	0.0	0.0	1.0	2.3899999999999997
3.102874967926542	6.368657482064028	-0.8219872693749841	0.5695058638727589	0.0	-0.5695058638727589	-0.8219872693749841	0.0	0.0	0.0	1.0	2.3999999999999995
3.102081881560194	6.361744272512497	-0.8565500038173316	0.5160640376547557	0.0	-0.5160640376547557	-0.8565500038173316	0.0	0.0	0.0	1.0	2.41
3.1013594455709543	6.3545320925537405	-0.8876106480849119	0.46059454773833647	0.0	-0.46059454773833647	-0.8876106480849119	0.0	0.0	0.0	1.0	2.42
3.100710508330123	6.347049392692822	-0.9150542585281444	0.4033307624636484	0.0	-0.4033307624636484	-0.9150542585281444	0.0	0.0	0.0	1.0	2.4299999999999997
3.1001376282928894	6.339325686091164	-0.9387819023134827	0.3445120315586654	0.0	-0.3445120315586654	-0.9387819023134827	0.0	0.0	0.0	1.0	2.4399999999999995
3.099643063950534	6.331391432218053	-0.9587108918629031	0.28438253431502575	0.0	-0.28438253431502575	-0.9587108918629031	0.0	0.0	0.0	1.0	2.45
3.0992287649644386	6.3232779169230335	-0.9747749307276676	0.22319013066188825	0.0	-0.22319013066188825	-0.9747749307276676	0.0	0.0	0.0	1.0	2.46
3.098896364515356	6.315017129394522	-0.9869241734031887	0.16118522250018066	0.0	-0.16118522250018066	-0.9869241734031887	0.0	0.0	0.0	1.0	2.4699999999999998
3.0986471728967264	6.306641636477156	-0.9951252022471576	0.09861963218626295	0.0	-0.09861963218626295	-0.9951252022471576	0.0	0.0	0.0	1.0	2.4799999999999995
3.098482172376055	6.298184454826051	-0.9993609252450263	0.035745504520217075	0.0	-0.035745504520217075	-0.9993609252450263	0.0	0.0	0.0	1.0	2.49
3.0984020133435703	6.289678921380602	-0.9996303988700458	-0.02718576198882978	0.0	0.02718576198882978	-0.9996303988700458	0.0	0.0	0.0	1.0	2.5
3.098407011762539	6.281158562643794	-0.9959485807058155	-0.08992454942935105	0.0	0.08992454942935105	-0.9959485807058155	0.0	0.0	0.0	1.0	2.51
3.098497147930728	6.272656963255209	-0.9883460168354395	-0.1522240158632039	0.0	0.1522240158632039	-0.9883460168354395	0.0	0.0	0.0	1.0	2.5199999999999996
3.0986720665576346	6.264207634347281	-0.9768684692522566	-0.21384104793222722	0.0	0.21384104793222722	-0.9768684692522566	0.0	0.0	0.0	1.0	2.5300000000000002
3.0989310781571864	6.255843882174718	-0.9615764887134467	-0.27453716752658236	0.0	0.27453716752658236	-0.9615764887134467	0.0	0.0	0.0	1.0	2.54
3.0992731617507414	6.247598677506533	-0.9425449385416607	-0.33407939001006537	0.0	0.33407939001006537	-0.9425449385416607	0.0	0.0	0.0	1.0	2.55
3.099696968870297	6.239504526268727	-0.919862474884505	-0.39224103214650247	0.0	0.39224103214650247	-0.919862474884505	0.0	0.0	0.0	1.0	2.5599999999999996
3.1002008288469813	6.2315933419232685	-0.8936309888715328	-0.448802468496427	0.0	0.448802468496427	-0.8936309888715328	0.0	0.0	0.0	1.0	2.5699999999999994
3.1007827553650342	6.2238963200656165	-0.8639650159688052	-0.5035518356455692	0.0	0.5035518356455692	-0.8639650159688052	0.0	0.0	0.0	1.0	2.58
3.101440454256704	6.216443815718469	-0.8309911176281843	-0.5562856841795061	0.0	0.5562856841795061	-0.8309911176281843	0.0	0.0	0.0	1.0	2.59
3.1021713325087195	6.20926522379353	-0.7948472400691473	-0.6068095788255649	0.0	0.6068095788255649	-0.7948472400691473	0.0	0.0	0.0	1.0	2.5999999999999996
3.102972508446337	6.202388863185852	-0.7556820547225893	-0.6549386476382697	0.0	0.6549386476382697	-0.7556820547225893	0.0	0.0	0.0	1.0	2.6099999999999994
3.1038408230563332	6.195841864956399	-0.7136542845163157	-0.7004980815045145	0.0	0.7004980815045145	-0.7136542845163157	0.0	0.0	0.0	1.0	2.62
3.1047728524058384	6.189650065047904	-0.6689320197990898	-0.7433235855853828	0.0	0.7433235855853828	-0.6689320197990898	0.0	0.0	0.0	1.0	2.63
3.1057649211094898	6.1838379019665775	-0.621692027291979	-0.7832617845915817	0.0	0.7832617845915817	-0.621692027291979	0.0	0.0	0.0	1.0	2.6399999999999997
3.106813116793151	6.178428319847681	-0.572119055030877	-0.8201705840071176	0.0	0.8201705840071176	-0.572119055030877	0.0	0.0	0.0	1.0	2.6499999999999995
3.107913305498332	6.173442677306312	-0.5204051358300243	-0.8539194895314979	0.0	0.8539194895314979	-0.5204051358300243	0.0	0.0	0.0	1.0	2.66
3.10906114796753	6.16890066245576	-0.46674889136146047	-0.8843898871045777	0.0	0.8843898871045777	-0.46674889136146047	0.0	0.0	0.0	1.0	2.67
3.1102521167469988	6.164820214454573	-0.4113548385165901	-0.9114752859123445	0.0	0.9114752859123445	-0.4113548385165901	0.0	0.0	0.0	1.0	2.6799999999999997
3.11148151403994	6.161217451919846	-0.3544326993010985	-0.9350815267484098	0.0	0.9350815267484098	-0.3544326993010985	0.0	0.0	0.0	1.0	2.6899999999999995
3.1127444902398884	6.158106608518323	-0.29619671511934886	-0.9551269580283593	0.0	0.9551269580283593	-0.29619671511934886	0.0	0.0	0.0	1.0	2.7
3.1140360630710684	6.1554999760187235	-0.23686496593595097	-0.9715425816258189	0.0	0.9715425816258189	-0.23686496593595097	0.0	0.0	0.0	1.0	2.71
