3.137688587947696	6.286207389817359	1.0	0.0	0.0	-0.0	1.0	0.0	0.0	0.0	1.0	0.0
3.141585877375706	6.287643270196907	0.9982620807235214	0.05893062183233554	0.0	-0.05893062183233554	0.9982620807235214	0.0	0.0	0.0	1.0	0.010000000000000002
3.141563838317292	6.289169181978722	0.9925856034691559	0.1215476029618512	0.0	-0.1215476029618512	0.9925856034691559	0.0	0.0	0.0	1.0	0.019999999999999997
3.1415265936641967	6.290683388653383	0.9829825342710662	0.18369904005746007	0.0	-0.18369904005746007	0.9829825342710662	0.0	0.0	0.0	1.0	0.03
3.141474290393051	6.292179914777714	0.9694880580826549	0.24513854294076814	0.0	-0.24513854294076814	0.9694880580826549	0.0	0.0	0.0	1.0	0.039999999999999994
3.141407134905668	6.293652854668427	0.9521528625420774	0.3056221954520447	0.0	-0.3056221954520447	0.9521528625420774	0.0	0.0	0.0	1.0	0.05
3.141325392214663	6.295096395704076	0.931042979214753	0.36490953790620106	0.0	-0.36490953790620106	0.931042979214753	0.0	0.0	0.0	1.0	0.06
3.141229384897817	6.296504841260371	0.9062395615423978	0.4227645409627475	0.0	-0.4227645409627475	0.9062395615423978	0.0	0.0	0.0	1.0	0.07
3.1411194918252945	6.297872633188464	0.8778385997578865	0.47895656668962533	0.0	-0.47895656668962533	0.8778385997578865	0.0	0.0	0.0	1.0	0.08000000000000002
3.140996146664737	6.299194373747563	0.8459505733253817	0.5332613125761685	0.0	-0.5332613125761685	0.8459505733253817	0.0	0.0	0.0	1.0	0.09
3.140859836170116	6.300464846905425	0.8107000417723044	0.5854617342494588	0.0	-0.5854617342494588	0.8107000417723044	0.0	0.0	0.0	1.0	0.1
3.140711098261097	6.301679038922646	0.7722251750916397	0.6353489426722032	0.0	-0.6353489426722032	0.7722251750916397	0.0	0.0	0.0	1.0	0.11000000000000001
3.1405505199004744	6.302832158139551	0.7306772252075511	0.682723071649841	0.0	-0.682723071649841	0.7306772252075511	0.0	0.0	0.0	1.0	0.12
3.140378734778063	6.303919653887547	0.6862199403118332	0.7273941115505569	0.0	-0.7273941115505569	0.6862199403118332	0.0	0.0	0.0	1.0	0.13
3.140196420810154	6.304937234450246	0.639028924190844	0.7691827052446594	0.0	-0.7691827052446594	0.639028924190844	0.0	0.0	0.0	1.0	0.14
3.140004297464416	6.305880884003371	0.5892909429696219	0.80792090239947	0.0	-0.80792090239947	0.5892909429696219	0.0	0.0	0.0	1.0	0.15000000000000002
3.1398031229207826	6.306746878466507	0.5372031819992505	0.843452868422344	0.0	-0.843452868422344	0.5372031819992505	0.0	0.0	0.0	1.0	0.16000000000000003
3.1395936910795212	6.307531800203952	0.4829724559025012	0.8756355445272345	0.0	-0.8756355445272345	0.4829724559025012	0.0	0.0	0.0	1.0	0.17000000000000004
3.1393768284283032	6.308232551516554	0.42681437506877706	0.9043392556085628	0.0	-0.9043392556085628	0.42681437506877706	0.0	0.0	0.0	1.0	0.18
3.1391533907806113	6.308846366871072	0.36895247214977045	0.9294482628390743	0.0	-0.9294482628390743	0.36895247214977045	0.0	0.0	0.0	1.0	0.19
3.1389242598983804	6.3093708238186625	0.30961729234962865	0.950861258164452	0.0	-0.950861258164452	0.30961729234962865	0.0	0.0	0.0	1.0	0.2
3.138690340012187	6.309803852559231	0.24904545152536192	0.9684917981452029	0.0	-0.9684917981452029	0.24904545152536192	0.0	0.0	0.0	1.0	0.21000000000000002
3.1384525542527233	6.310143744113728	0.18747866631266355	0.9822686748938017	0.0	-0.9822686748938017	0.18747866631266355	0.0	0.0	0.0	1.0	0.22000000000000003
3.1382118410076507	6.310389157071998	0.125162760667159	0.9921362221702096	0.0	-0.9921362221702096	0.125162760667159	0.0	0.0	0.0	1.0	0.23000000000000004
3.1379691502182068	6.310539122889434	0.06234665335968274	0.998054555029357	0.0	-0.998054555029357	0.06234665335968274	0.0	0.0	0.0	1.0	0.24
3.1377254396301946	6.310593049711406	-0.0007186689150605867	0.9999997417574619	0.0	-0.9999997417574619	-0.0007186689150605867	0.0	0.0	0.0	1.0	0.25
3.137481671014153	6.310550724710333	-0.06378118806534751	0.9979639071875159	0.0	-0.9979639071875159	-0.06378118806534751	0.0	0.0	0.0	1.0	0.26
3.1372388063696324	6.310412314926058	-0.12658889595194836	0.9919552668450664	0.0	-0.9919552668450664	-0.12658889595194836	0.0	0.0	0.0	1.0	0.27
3.136997804128572	6.310178366606268	-0.18889083571629242	0.9819980917407124	0.0	-0.9819980917407124	-0.18889083571629242	0.0	0.0	0.0	1.0	0.28
3.136759615372759	6.309849803049522	-0.25043813824307304	0.968132603992523	0.0	-0.968132603992523	-0.25043813824307304	0.0	0.0	0.0	1.0	0.29000000000000004
3.136525180080313	6.3094279209594655	-0.310985048943815	0.9504148038269464	0.0	-0.9504148038269464	-0.310985048943815	0.0	0.0	0.0	1.0	0.30000000000000004
3.1362954234160156	6.308914385324697	-0.37028994010928523	0.9289162288677392	0.0	-0.9289162288677392	-0.37028994010928523	0.0	0.0	0.0	1.0	0.31000000000000005
3.1360712520801273	6.3083112228445914	-0.42811630417000296	0.9037236469761194	0.0	-0.9037236469761194	-0.42811630417000296	0.0	0.0	0.0	1.0	0.32000000000000006
3.135853550730117	6.307620813927138	-0.4842337233245394	0.8749386842489326	0.0	-0.8749386842489326	-0.4842337233245394	0.0	0.0	0.0	1.0	0.33000000000000007
3.1356431784894148	6.306845883290547	-0.5384188111435964	0.8426773901124418	0.0	-0.8426773901124418	-0.5384188111435964	0.0	0.0	0.0	1.0	0.3400000000000001
3.1354409655569846	6.30598948920585	-0.5904561219324863	0.8070697417648917	0.0	-0.8070697417648917	-0.5904561219324863	0.0	0.0	0.0	1.0	0.3500000000000001
3.1352477099310843	6.3050550114231205	-0.6401390238339022	0.7682590905189336	0.0	-0.7682590905189336	-0.6401390238339022	0.0	0.0	0.0	1.0	0.36
3.1350641742601524	6.304046137829134	-0.6872705318747445	0.7264015528732065	0.0	-0.7264015528732065	-0.6872705318747445	0.0	0.0	0.0	1.0	0.37
3.1348910828332417	6.302966849889301	-0.7316640974031238	0.6816653493990085	0.0	-0.6816653493990085	-0.7316640974031238	0.0	0.0	0.0	1.0	0.38
3.134729118721873	6.301821406931443	-0.7731443506221484	0.6342300947614017	0.0	-0.6342300947614017	-0.7731443506221484	0.0	0.0	0.0	1.0	0.39
3.1345789210845862	6.300614329333632	-0.8115477932032291	0.5842860424030074	0.0	-0.5842860424030074	-0.8115477932032291	0.0	0.0	0.0	1.0	0.4
3.1344410826448184	6.299350380682506	-0.8467234382508642	0.53203328760204	0.0	-0.53203328760204	-0.8467234382508642	0.0	0.0	0.0	1.0	0.41000000000000003
3.134316147352051	6.298034548972605	-0.878533395190541	0.47768093277310214	0.0	-0.47768093277310214	-0.878533395190541	0.0	0.0	0.0	1.0	0.42000000000000004
3.134204608235453	6.296672026920975	-0.9068533974588497	0.4214462190094266	0.0	-0.4214462190094266	-0.9068533974588497	0.0	0.0	0.0	1.0	0.43000000000000005
3.1341069054584794	6.295268191474768	-0.9315732711875007	0.3635536279684466	0.0	-0.3635536279684466	-0.9315732711875007	0.0	0.0	0.0	1.0	0.44000000000000006
3.134023424582091	6.293828582592712	-0.952597343388036	0.3042339582789143	0.0	-0.3042339582789143	-0.952597343388036	0.0	0.0	0.0	1.0	0.45000000000000007
3.1339544950434446	6.292358881384175	-0.9698447884591104	0.2437233806976742	0.0	-0.2437233806976742	-0.9698447884591104	0.0	0.0	0.0	1.0	0.4600000000000001
3.1339003888560466	6.2908648876919955	-0.9832499121507984	0.18226247626828512	0.0	-0.18226247626828512	-0.9832499121507984	0.0	0.0	0.0	1.0	0.4700000000000001
3.133861319536489	6.289352497207543	-0.9927623724282241	0.12009526173286014	0.0	-0.12009526173286014	-0.9927623724282241	0.0	0.0	0.0	1.0	0.48
3.1338374412619996	6.287827678208104	-0.9983473369776773	0.0574682064239029	0.0	-0.0574682064239029	-0.9983473369776773	0.0	0.0	0.0	1.0	0.49
3.13382884826213	6.286296448008347	-0.9999855773903702	-0.005370755184131009	0.0	0.005370755184131009	-0.9999855773903702	0.0	0.0	0.0	1.0	0.5
3.1338355744469655	6.2847648492186	-0.9976735003402888	-0.06817321115185934	0.0	0.06817321115185934	-0.9976735003402888	0.0	0.0	0.0	1.0	0.51
3.1338575932733304	6.283238925903491	-0.9914231163416573	-0.13069125595615344	0.0	0.13069125595615344	-0.9914231163416573	0.0	0.0	0.0	1.0	0.52
3.1338948178495185	6.281724699734849	-0.9812619469270396	-0.19267846665612526	0.0	0.19267846665612526	-0.9812619469270396	0.0	0.0	0.0	1.0	0.53
3.1339471012781264	6.280228146232828	-0.9672328713279221	-0.2538908675449814	0.0	0.2538908675449814	-0.9672328713279221	0.0	0.0	0.0	1.0	0.54
3.134014237235646	6.27875517118882	-0.9493939139649351	-0.31408787962342893	0.0	0.31408787962342893	-0.9493939139649351	0.0	0.0	0.0	1.0	0.55
3.134095960786531	6.277311587363082	-0.9278179742640191	-0.373033251376619	0.0	0.373033251376619	-0.9278179742640191	0.0	0.0	0.0	1.0	0.56
3.1341919494285344	6.275903091548858	-0.9025925005074511	-0.43049596749296865	0.0	0.43049596749296865	-0.9025925005074511	0.0	0.0	0.0	1.0	0.5700000000000001
3.1343018243651874	6.27453524209345	-0.8738191096045511	-0.48625113232763745	0.0	0.48625113232763745	-0.8738191096045511	0.0	0.0	0.0	1.0	0.5799999999999998
3.1344251520004187	6.273213436964792	-0.8416131548261555	-0.5400808250841403	0.0	0.5400808250841403	-0.8416131548261555	0.0	0.0	0.0	1.0	0.5900000000000001
3.1345614456494175	6.271942892450079	-0.8061032436898115	-0.5917749238627508	0.0	0.5917749238627508	-0.8061032436898115	0.0	0.0	0.0	1.0	0.5999999999999999
3.1347101674589997	6.270728622570465	-0.7674307083095586	-0.6411318959024651	0.0	0.6411318959024651	-0.7674307083095586	0.0	0.0	0.0	1.0	0.6100000000000001
3.1348707305299026	6.269575419293047	-0.7257490306357907	-0.6879595515226242	0.0	0.6879595515226242	-0.7257490306357907	0.0	0.0	0.0	1.0	0.6199999999999999
3.135042501232655	6.268487833618316	-0.6812232251076814	-0.7320757594497235	0.0	0.7320757594497235	-0.6812232251076814	0.0	0.0	0.0	1.0	0.6300000000000001
3.1352248017078685	6.267470157617715	-0.6340291813240567	-0.7733091213929567	0.0	0.7733091213929567	-0.6340291813240567	0.0	0.0	0.0	1.0	0.6399999999999999
3.135416912541124	6.266526407492317	-0.58435296940923	-0.8114996039078614	0.0	0.8114996039078614	-0.58435296940923	0.0	0.0	0.0	1.0	0.6500000000000001
3.1356180756018692	6.265660307719611	-0.5323901108094203	-0.8464991257599344	0.0	0.8464991257599344	-0.5323901108094203	0.0	0.0	0.0	1.0	0.6599999999999999
3.1358274970351525	6.264875276351052	-0.47834481730391193	-0.8781720991687718	0.0	0.8781720991687718	-0.47834481730391193	0.0	0.0	0.0	1.0	0.6700000000000002
3.1360443503943793	6.264174411518603	-0.4224292010544245	-0.9063959234774397	0.0	0.9063959234774397	-0.4224292010544245	0.0	0.0	0.0	1.0	0.6799999999999999
3.1362677799027376	6.263560479203653	-0.3648624585471948	-0.9310614299512662	0.0	0.9310614299512662	-0.3648624585471948	0.0	0.0	0.0	1.0	0.6900000000000002
3.1364969038304147	6.263035902316758	-0.3058700313064064	-0.9520732765646864	0.0	0.9520732765646864	-0.3058700313064064	0.0	0.0	0.0	1.0	0.7
3.136730817974281	6.262602751131473	-0.2456827462756892	-0.9693502917843659	0.0	0.9693502917843659	-0.2456827462756892	0.0	0.0	0.0	1.0	0.71
3.1369685992263077	6.262262735110182	-0.184535938777754	-0.9828257665015775	0.0	0.9828257665015775	-0.184535938777754	0.0	0.0	0.0	1.0	0.72
3.137209309216622	6.2620171961543365	-0.12266856097151368	-0.9924476934071529	0.0	0.9924476934071529	-0.12266856097151368	0.0	0.0	0.0	1.0	0.73
3.1374519980168314	6.2618671033058595	-0.060322278732364495	-0.998178953238614	0.0	0.998178953238614	-0.060322278732364495	0.0	0.0	0.0	1.0	0.74
3.1376957078889838	6.261813048920749	0.0022594401147637997	-0.9999974474619263	0.0	0.9999974474619263	0.0022594401147637997	0.0	0.0	0.0	1.0	0.75
3.1379394770653666	6.261855246330043	0.06483224327774535	-0.997896177080349	0.0	0.997896177080349	0.06483224327774535	0.0	0.0	0.0	1.0	0.76
3.1381823435442158	6.261993528997431	0.12715181426216	-0.9918832673907959	0.0	0.9918832673907959	0.12715181426216	0.0	0.0	0.0	1.0	0.77
3.1384233488863535	6.262227351176872	0.1889747924858906	-0.9819819386347769	0.0	0.9819819386347769	0.1889747924858906	0.0	0.0	0.0	1.0	0.78
3.1386615419977546	6.262555790067563	0.25005969031127434	-0.9682304226171732	0.0	0.9682304226171732	0.25005969031127434	0.0	0.0	0.0	1.0	0.79
3.1388959828831093	6.262977549457776	0.310167804064158	-0.9506818254926399	0.0	0.9506818254926399	0.310167804064158	0.0	0.0	0.0	1.0	0.8
3.139125746355564	6.2634909648430375	0.36906411611162093	-0.929403937047153	0.0	0.929403937047153	0.36906411611162093	0.0	0.0	0.0	1.0	0.81
3.1393499256879873	6.264094009998417	0.42651818507377237	-0.9044789869319106	0.0	0.9044789869319106	0.42651818507377237	0.0	0.0	0.0	1.0	0.8200000000000001
3.1395676361913525	6.264784304978795	0.4823050212503587	-0.8760033484392005	0.0	0.8760033484392005	0.4823050212503587	0.0	0.0	0.0	1.0	0.8300000000000001
3.1397780187061044	6.265559125515438	0.536205944350534	-0.8440871905455929	0.0	0.8440871905455929	0.536205944350534	0.0	0.0	0.0	1.0	0.8399999999999999
3.139980242992733	6.266415413771635	0.58800942062479	-0.808854079087507	0.0	0.808854079087507	0.58800942062479	0.0	0.0	0.0	1.0	0.8500000000000001
3.1401735110081708	6.267349790414761	0.6375118765125245	-0.7704405280782416	0.0	0.7704405280782416	0.6375118765125245	0.0	0.0	0.0	1.0	0.8599999999999999
3.1403570600550834	6.268358567956964	0.6845184859380885	-0.7289955023242785	0.0	0.7289955023242785	0.6845184859380885	0.0	0.0	0.0	1.0	0.8700000000000001
3.140530165791631	6.269437765311681	0.7288439284132525	-0.6846798726522766	0.0	0.6846798726522766	0.7288439284132525	0.0	0.0	0.0	1.0	0.8799999999999999
3.1406921450898206	6.270583123508345	0.7703131151362119	-0.6376658252165825	0.0	0.6376658252165825	0.7703131151362119	0.0	0.0	0.0	1.0	0.8900000000000001
3.140842358731178	6.271790122503164	0.8087618803173728	-0.5881362265202744	0.0	0.5881362265202744	0.8087618803173728	0.0	0.0	0.0	1.0	0.8999999999999999
3.1409802139291076	6.273053999019473	0.8440376350116388	-0.53628394595024	0.0	0.53628394595024	0.8440376350116388	0.0	0.0	0.0	1.0	0.9100000000000001
3.1411051666679946	6.2743697653471875	0.8759999807966826	-0.48231113779821816	0.0	0.48231113779821816	0.8759999807966826	0.0	0.0	0.0	1.0	0.9199999999999999
3.141216723849821	6.275732229027075	0.904521280708063	-0.4264284849142299	0.0	0.4264284849142299	0.904521280708063	0.0	0.0	0.0	1.0	0.9300000000000002
3.141314445239841	6.277136013342148	0.9294871849258981	-0.3688544063157298	0.0	0.3688544063157298	0.9294871849258981	0.0	0.0	0.0	1.0	0.94
3.1413979452036407	6.278575578535294	0.9507971088053457	-0.30981423125382024	0.0	0.30981423125382024	0.9507971088053457	0.0	0.0	0.0	1.0	0.9500000000000002
3.141466894228737	6.280045243669404	0.968364660955036	-0.2495393424160569	0.0	0.2495393424160569	0.968364660955036	0.0	0.0	0.0	1.0	0.96
3.1415210202247263	6.281539209043864	0.9821180191948143	-0.18826629112205465	0.0	0.18826629112205465	0.9821180191948143	0.0	0.0	0.0	1.0	0.97
3.1415601095968473	6.283051579078961	0.992000252367135	-0.1262358875420962	0.0	0.1262358875420962	0.992000252367135	0.0	0.0	0.0	1.0	0.98
3.141584008088737	6.284576385578036	0.9979695861357794	-0.06369226913826628	0.0	0.06369226913826628	0.9979695861357794	0.0	0.0	0.0	1.0	0.99
3.1415926213910623	6.286107611275704	0.9999996110814139	-0.0008819506908668221	0.0	0.0008819506908668221	0.9999996110814139	0.0	0.0	0.0	1.0	1.0
3.1415859155136205	6.287639213579391	0.9980794315959751	0.061947140572067745	0.0	-0.061947140572067745	0.9980794315959751	0.0	0.0	0.0	1.0	1.0099999999999998
3.141563916919447	6.2891651484106195	0.992213754286795	0.12454664107916995	0.0	-0.12454664107916995	0.992213754286795	0.0	0.0	0.0	1.0	1.02
3.1415267124204083	6.290679394052163	0.9824229148263658	0.18666873445777482	0.0	-0.18666873445777482	0.9824229148263658	0.0	0.0	0.0	1.0	1.0299999999999998
3.1414744488346784	6.2921759749070985	0.9687428424240786	0.24806713859783408	0.0	-0.24806713859783408	0.9687428424240786	0.0	0.0	0.0	1.0	1.04
3.1414073324074603	6.293648985076194	0.9512249613513178	0.3084980922180624	0.0	-0.3084980922180624	0.9512249613513178	0.0	0.0	0.0	1.0	1.0499999999999998
3.1413256279972277	6.295092611660714	0.9299360292198156	0.36772133682842273	0.0	-0.36772133682842273	0.9299360292198156	0.0	0.0	0.0	1.0	1.06
3.141229658030694	6.2965011576988195	0.9049579119939045	0.4255010899159162	0.0	-0.4255010899159162	0.9049579119939045	0.0	0.0	0.0	1.0	1.0699999999999998
3.1411198012306296	6.297869064645194	0.8763872960086274	0.4816070051345667	0.0	-0.4816070051345667	0.8763872960086274	0.0	0.0	0.0	1.0	1.08
3.1409964911215327	6.2991909343052095	0.8443353375658946	0.5358151152566406	0.0	-0.5358151152566406	0.8443353375658946	0.0	0.0	0.0	1.0	1.0899999999999999
3.14086021431905	6.300461550137216	0.8089272509879469	0.5879087536421644	0.0	-0.5879087536421644	0.8089272509879469	0.0	0.0	0.0	1.0	1.1
3.140711508609885	6.301675897838839	0.7703018363192718	0.6376794500085116	0.0	-0.6376794500085116	0.7703018363192718	0.0	0.0	0.0	1.0	1.1099999999999999
3.1405509608297604	6.302829185136081	0.7286109481823811	0.6849277963324101	0.0	-0.6849277963324101	0.7286109481823811	0.0	0.0	0.0	1.0	1.12
3.1403792045478074	6.303916860697108	0.6840189076072273	0.7294642787935648	0.0	-0.7294642787935648	0.6840189076072273	0.0	0.0	0.0	1.0	1.13
3.1401969175665014	6.304934632095974	0.6367018589657768	0.7711100717728463	0.0	-0.7711100717728463	0.6367018589657768	0.0	0.0	0.0	1.0	1.1400000000000001
3.140004819247009	6.305878482755342	0.586847074449982	0.8096977900485449	0.0	-0.8096977900485449	0.586847074449982	0.0	0.0	0.0	1.0	1.15
3.1398036676704986	6.306744687801187	0.5346522088302026	0.8450721954915954	0.0	-0.8450721954915954	0.5346522088302026	0.0	0.0	0.0	1.0	1.1599999999999997
3.1395942566465997	6.307529828766797	0.48032450751961897	0.8770908547442708	0.0	-0.8770908547442708	0.48032450751961897	0.0	0.0	0.0	1.0	1.17
3.139377412580825	6.308230807087875	0.4240799712454878	0.9056247445760448	0.0	-0.9056247445760448	0.4240799712454878	0.0	0.0	0.0	1.0	1.1799999999999997
3.139153991213312	6.308844856335316	0.3661424808878055	0.9305588018439904	0.0	-0.9305588018439904	0.3661424808878055	0.0	0.0	0.0	1.0	1.19
3.1389248742417446	6.309369553137241	0.3067428862875595	0.9517924152418832	0.0	-0.9517924152418832	0.3067428862875595	0.0	0.0	0.0	1.0	1.1999999999999997
3.138690965841799	6.309802826746972	0.24611806304784034	0.9692398563005853	0.0	-0.9692398563005853	0.24611806304784034	0.0	0.0	0.0	1.0	1.21
3.1384531890988367	6.310142967219081	0.18450994154967626	0.9828306474003216	0.0	-0.9828306474003216	0.18450994154967626	0.0	0.0	0.0	1.0	1.2199999999999998
3.138212482364935	6.310388632161044	0.12216451257829646	0.9925098648711292	0.0	-0.9925098648711292	0.12216451257829646	0.0	0.0	0.0	1.0	1.23
3.137969795555634	6.3105388520337815	0.05933081410320813	0.998238375588642	0.0	-0.998238375588642	0.05933081410320813	0.0	0.0	0.0	1.0	1.2399999999999998
3.137726086401029	6.310593033980014	-0.003740096124873587	0.9999930058160291	0.0	-0.9999930058160291	-0.003740096124873587	0.0	0.0	0.0	1.0	1.25
3.137482316666001	6.310550964165287	-0.06679617740642275	0.9977666413966193	0.0	-0.9977666413966193	-0.06679617740642275	0.0	0.0	0.0	1.0	1.2599999999999998
3.137239448354518	6.310412808622327	-0.12958544754041013	0.9915682587627298	0.0	-0.9915682587627298	-0.12958544754041013	0.0	0.0	0.0	1.0	1.27
3.136998439912991	6.3101791125954305	-0.19185702404195	0.9814228865915888	0.0	-0.9814228865915888	-0.19185702404195	0.0	0.0	0.0	1.0	1.2799999999999998
3.1367602424476777	6.309850798387467	-0.25336216028668157	0.9673714983060365	0.0	-0.9673714983060365	-0.25336216028668157	0.0	0.0	0.0	1.0	1.29
3.13652579597107	6.309429161718014	-0.3138552717700107	0.9494708359829557	0.0	-0.9494708359829557	-0.3138552717700107	0.0	0.0	0.0	1.0	1.2999999999999998
3.1362960256920878	6.308915866607111	-0.3730949477318585	0.9277931665931592	0.0	-0.9277931665931592	-0.3730949477318585	0.0	0.0	0.0	1.0	1.31
3.1360718383647246	6.308312938804912	-0.43084494348989166	0.9024259718498754	0.0	-0.9024259718498754	-0.43084494348989166	0.0	0.0	0.0	1.0	1.3199999999999998
3.135854118709559	6.307622757793265	-0.48687514894576395	0.8734715732861833	0.0	-0.8734715732861833	-0.48687514894576395	0.0	0.0	0.0	1.0	1.33
3.1356437259222645	6.306848047390976	-0.5409625288780726	0.8410466945121658	0.0	-0.8410466945121658	-0.5409625288780726	0.0	0.0	0.0	1.0	1.3399999999999999
3.1354414902828904	6.30599186499996	-0.5928920308114137	0.8052819629175347	0.0	-0.8052819629175347	-0.5928920308114137	0.0	0.0	0.0	1.0	1.35
3.1352482098793084	6.305057589534889	-0.6424574564509677	0.7663213533828696	0.0	-0.7663213533828696	-0.6424574564509677	0.0	0.0	0.0	1.0	1.3599999999999999
3.1350646474577415	6.304048908084156	-0.6894622928948501	0.7243215768401325	0.0	-0.7243215768401325	-0.6894622928948501	0.0	0.0	0.0	1.0	1.37
3.1348915274128117	6.302969801354941	-0.7337205000794967	0.6794514167790757	0.0	-0.6794514167790757	-0.7337205000794967	0.0	0.0	0.0	1.0	1.38
3.1347295329289797	6.301824527959998	-0.7750572511746117	0.6318910170287712	0.0	-0.6318910170287712	-0.7750572511746117	0.0	0.0	0.0	1.0	1.3900000000000001
3.1345793032846467	6.300617607608304	-0.8133096229208943	0.5818311243516222	0.0	-0.5818311243516222	-0.8133096229208943	0.0	0.0	0.0	1.0	1.4
3.134441431329562	6.299353803266012	-0.848327233193602	0.529472289569613	0.0	-0.529472289569613	-0.848327233193602	0.0	0.0	0.0	1.0	1.4099999999999997
3.1343164611454704	6.298038102358239	-0.8799728233751047	0.47502403109868757	0.0	-0.47502403109868757	-0.8799728233751047	0.0	0.0	0.0	1.0	1.42
3.134204885899233	6.296675697085909	-0.9081227834274717	0.4187039648963711	0.0	-0.4187039648963711	-0.9081227834274717	0.0	0.0	0.0	1.0	1.4299999999999997
3.134107145896885	6.295271963935393	-0.9326676178690443	0.36073690493000893	0.0	-0.36073690493000893	-0.9326676178690443	0.0	0.0	0.0	1.0	1.44
3.134023626846289	6.293832442461793	-0.9535123511742658	0.3013539383484539	0.0	-0.3013539383484539	-0.9535123511742658	0.0	0.0	0.0	1.0	1.4499999999999997
3.1339546583352496	6.292362813429582	-0.9705768714313077	0.2407914795889068	0.0	-0.2407914795889068	-0.9705768714313077	0.0	0.0	0.0	1.0	1.46
3.133900512531067	6.29086887639683	-0.9837962114046861	0.17929030767385687	0.0	-0.17929030767385687	-0.9837962114046861	0.0	0.0	0.0	1.0	1.4699999999999998
3.133861403106672	6.289356526831346	-0.9931207664579174	0.11709459095124347	0.0	-0.11709459095124347	-0.9931207664579174	0.0	0.0	0.0	1.0	1.48
3.1338374843975574	6.2878317328489715	-0.9985164490920662	0.054450903505555405	0.0	-0.054450903505555405	-0.9985164490920662	0.0	0.0	0.0	1.0	1.4899999999999998
3.133828850792839	6.286300511665665	-0.9999647801479153	-0.008392762580428354	0.0	0.008392762580428354	-0.9999647801479153	0.0	0.0	0.0	1.0	1.5
3.133835536362838	6.284768905856181	-0.9974629170005814	-0.07118798500232634	0.0	0.07118798500232634	-0.9974629170005814	0.0	0.0	0.0	1.0	1.5099999999999998
3.1338575147246566	6.283242959512846	-0.9910236193442382	-0.13368689502657552	0.0	0.13368689502657552	-0.9910236193442382	0.0	0.0	0.0	1.0	1.52
3.1338946991462704	6.281728694398345	-0.9806751534198016	-0.19564315338147828	0.0	0.19564315338147828	-0.9806751534198016	0.0	0.0	0.0	1.0	1.5299999999999998
3.1339469428887368	6.280232086186497	-0.9664611357789149	-0.2568129144512203	0.0	0.2568129144512203	-0.9664611357789149	0.0	0.0	0.0	1.0	1.54
3.1340140397851584	6.278759040884556	-0.9484403179024969	-0.3169557751122557	0.0	0.3169557751122557	-0.9484403179024969	0.0	0.0	0.0	1.0	1.5499999999999998
3.134095725054137	6.277315371529986	-0.9266863132008287	-0.3758357046985501	0.0	0.3758357046985501	-0.9266863132008287	0.0	0.0	0.0	1.0	1.56
3.134191676344495	6.275906775253504	-0.9012872681143306	-0.43322195273901687	0.0	0.43322195273901687	-0.9012872681143306	0.0	0.0	0.0	1.0	1.5699999999999998
3.1343015150071643	6.274538810798803	-0.8723454792095787	-0.4888899312755485	0.0	0.4888899312755485	-0.8723454792095787	0.0	0.0	0.0	1.0	1.58
3.1344248075892236	6.273216876587577	-0.8399769583239056	-0.5426220687411449	0.0	0.5426220687411449	-0.8399769583239056	0.0	0.0	0.0	1.0	1.5899999999999999
3.1345610675441926	6.271946189416354	-0.8043109479542394	-0.5942086325533756	0.0	0.5942086325533756	-0.8043109479542394	0.0	0.0	0.0	1.0	1.6
3.1347097571518563	6.270731763869192	-0.7654893892122817	-0.6434485177567882	0.0	0.6434485177567882	-0.7654893892122817	0.0	0.0	0.0	1.0	1.6099999999999999
3.134870289640033	6.26957839252744	-0.723666344779138	-0.6901499992277054	0.0	0.6901499992277054	-0.723666344779138	0.0	0.0	0.0	1.0	1.62
3.1350420314999417	6.2684906270547724	-0.6790073793890639	-0.73413144513445	0.0	0.73413144513445	-0.6790073793890639	0.0	0.0	0.0	1.0	1.63
3.1352243049860222	6.267472760232126	-0.631688900454756	-0.7752219895244598	0.0	0.7752219895244598	-0.631688900454756	0.0	0.0	0.0	1.0	1.6400000000000001
3.135416390790366	6.266528809013585	-0.5818974615168232	-0.8132621620856815	0.0	0.8132621620856815	-0.5818974615168232	0.0	0.0	0.0	1.0	1.65
3.1356175308811958	6.265662498670187	-0.5298290312585514	-0.8481044733024493	0.0	0.8481044733024493	-0.5298290312585514	0.0	0.0	0.0	1.0	1.6600000000000001
3.1358269314942104	6.264877248084354	-0.4756882308752182	-0.8796139533947863	0.0	0.8796139533947863	-0.4756882308752182	0.0	0.0	0.0	1.0	1.67
3.136043766264983	6.264176156253152	-0.4196875426258873	-0.9076686435944805	0.0	0.9076686435944805	-0.4196875426258873	0.0	0.0	0.0	1.0	1.6799999999999997
3.1362671794900607	6.263561990053792	-0.3620464924263105	-0.9321600384707582	0.0	0.9321600384707582	-0.3620464924263105	0.0	0.0	0.0	1.0	1.69
3.1364962895038944	6.263037173319839	-0.30299080936507433	-0.952993478173013	0.0	0.952993478173013	-0.30299080936507433	0.0	0.0	0.0	1.0	1.6999999999999997
3.136730192158266	6.2626037772714005	-0.2427515650428621	-0.9700884896076446	0.0	0.9700884896076446	-0.2427515650428621	0.0	0.0	0.0	1.0	1.71
3.1369679643904904	6.262263512337214	-0.1815642956475451	-0.9833790757108933	0.0	0.9833790757108933	-0.1815642956475451	0.0	0.0	0.0	1.0	1.7199999999999998
3.137208667866293	6.262017721401079	-0.11966810968665931	-0.9928139521199437	0.0	0.9928139521199437	-0.11966810968665931	0.0	0.0	0.0	1.0	1.73
3.137451352682991	6.261867374499376	-0.05730478430476456	-0.9983567306808647	0.0	0.9983567306808647	-0.05730478430476456	0.0	0.0	0.0	1.0	1.7399999999999998
3.1376950611183534	6.261813064990745	0.0052821468833736535	-0.9999860493648411	0.0	0.9999860493648411	0.0052821468833736535	0.0	0.0	0.0	1.0	1.75
3.1379388314103376	6.261855007213097	0.06784831151092796	-0.997695648294166	0.0	0.997695648294166	0.06784831151092796	0.0	0.0	0.0	1.0	1.7599999999999998
3.1381817015527784	6.261993035637245	0.13014941879514297	-0.9914943917074299	0.0	0.9914943917074299	0.13014941879514297	0.0	0.0	0.0	1.0	1.77
3.138422713092038	6.262226605520533	0.19194217955839013	-0.9814062358199966	0.0	0.9814062358199966	0.19194217955839013	0.0	0.0	0.0	1.0	1.7799999999999998
3.138660914909634	6.2625547950578735	0.2529852230022894	-0.9674701426620266	0.0	0.9674701426620266	0.2529852230022894	0.0	0.0	0.0	1.0	1.79
3.138895366975897	6.262976309021619	0.31304000730485254	-0.9497399401028568	0.0	0.9497399401028568	0.31304000730485254	0.0	0.0	0.0	1.0	1.7999999999999998
3.139125144059846	6.263489483875884	0.37187172111350253	-0.9282841283982407	0.0	0.9282841283982407	0.37187172111350253	0.0	0.0	0.0	1.0	1.81
3.139349339380633	6.264092294344981	0.42925017301079427	-0.9031856337266462	0.0	0.9031856337266462	0.42925017301079427	0.0	0.0	0.0	1.0	1.8199999999999998
3.139567068186131	6.264782361409964	0.48495066603549175	-0.8745415093131561	0.0	0.8745415093131561	0.48495066603549175	0.0	0.0	0.0	1.0	1.83
3.139777471244556	6.265556961701543	0.5387548543496162	-0.8424625848752715	0.0	0.8424625848752715	0.5387548543496162	0.0	0.0	0.0	1.0	1.8399999999999999
3.1399797182353213	6.26641303825217	0.5904515791532364	-0.8070730652645084	0.0	0.8070730652645084	0.5904515791532364	0.0	0.0	0.0	1.0	1.85
3.1401730110257575	6.2673472125646645	0.6398376809636445	-0.768510079321713	0.0	0.768510079321713	0.6398376809636445	0.0	0.0	0.0	1.0	1.8599999999999999
3.1403565868207584	6.2683557979496145	0.6867187853954089	-0.7269231801126267	0.0	0.7269231801126267	0.6867187853954089	0.0	0.0	0.0	1.0	1.87
3.140529721172922	6.269434814078731	0.7309100596033721	-0.6824737978637679	0.0	0.6824737978637679	0.7309100596033721	0.0	0.0	0.0	1.0	1.88
3.1406917308413274	6.27058000269658	0.7722369365833079	-0.6353346470769778	0.0	0.6353346470769778	0.7722369365833079	0.0	0.0	0.0	1.0	1.8900000000000001
3.1408419764876463	6.271786844428526	0.8105358045655878	-0.5856890894640391	0.0	0.5856890894640391	0.8105358045655878	0.0	0.0	0.0	1.0	1.9
3.1409798651989798	6.273050576618455	0.8456546587871835	-0.533730454510076	0.0	0.533730454510076	0.8456546587871835	0.0	0.0	0.0	1.0	1.9100000000000001
3.141104852827458	6.274366212125777	0.8774537129876161	-0.47966131964569164	0.0	0.47966131964569164	0.8774537129876161	0.0	0.0	0.0	1.0	1.92
3.141216446137376	6.275728559007455	0.9058059680463667	-0.4236927521820318	0.0	0.4236927521820318	0.9058059680463667	0.0	0.0	0.0	1.0	1.9299999999999997
3.141314204751415	6.277132241007357	0.9305977352636347	-0.36604351533963037	0.0	0.36604351533963037	0.9305977352636347	0.0	0.0	0.0	1.0	1.94
3.141397742888263	6.2785717187720715	0.951729111884402	-0.3069392408795714	0.0	0.3069392408795714	0.951729111884402	0.0	0.0	0.0	1.0	1.9499999999999997
3.141466730884797	6.2800413117094545	0.9691144065782022	-0.24661157102329806	0.0	0.24661157102329806	0.9691144065782022	0.0	0.0	0.0	1.0	1.96
3.14152089649682	6.2815352204037564	0.9826825127146848	-0.18529727252378406	0.0	0.18529727252378406	0.9826825127146848	0.0	0.0	0.0	1.0	1.9699999999999998
3.141560025973236	6.2830475494988995	0.9923772274186161	-0.12323732592417155	0.0	0.12323732592417155	0.9923772274186161	0.0	0.0	0.0	1.0	1.98
3.1415839648994206	6.2845723309597545	0.9981575145477312	-0.06067599320897858	0.0	0.06067599320897858	0.9981575145477312	0.0	0.0	0.0	1.0	1.9899999999999998
3.1415926188064764	6.286103547619727	0.9999977099132101	0.0021401327844867584	0.0	-0.0021401327844867584	0.9999977099132101	0.0	0.0	0.0	1.0	2.0
3.1415859535439643	6.2876351569219	0.9978876672554521	0.06496309367227135	0.0	-0.06496309367227135	0.9978876672554521	0.0	0.0	0.0	1.0	2.01
3.1415639954146437	6.2891611147601845	0.9918328436971698	0.12754454188080938	0.0	-0.12754454188080938	0.9918328436971698	0.0	0.0	0.0	1.0	2.0199999999999996
3.1415268310706965	6.290675399326574	0.9818543236211974	0.18963672425551184	0.0	-0.18963672425551184	0.9818543236211974	0.0	0.0	0.0	1.0	2.0300000000000002
3.1414746071718342	6.29217203487057	0.9679887801611827	0.2509934690028123	0.0	-0.2509934690028123	0.9679887801611827	0.0	0.0	0.0	1.0	2.04
3.1414075298066453	6.2936451152771635	0.9502883737486567	0.31137117194456754	0.0	-0.31137117194456754	0.9502883737486567	0.0	0.0	0.0	1.0	2.05
3.141325863679454	6.295088827370483	0.92882058742877	0.37052977797806563	0.0	-0.37052977797806563	0.92882058742877	0.0	0.0	0.0	1.0	2.0599999999999996
3.141229931065899	6.2964974738513035	0.9036679989378652	0.4282337535688127	0.0	-0.4282337535688127	0.9036679989378652	0.0	0.0	0.0	1.0	2.0699999999999994
3.1411201105413435	6.29786549577799	0.8749279898275178	0.48425304605792513	0.0	-0.48425304605792513	0.8749279898275178	0.0	0.0	0.0	1.0	2.08
3.140996835487131	6.2991874945022355	0.8427123922199599	0.5383640255430452	0.0	-0.5383640255430452	0.8427123922199599	0.0	0.0	0.0	1.0	2.09
3.14086059238057	6.300458252973125	0.8071470740868317	0.590350405092659	0.0	-0.590350405092659	0.8071470740868317	0.0	0.0	0.0	1.0	2.0999999999999996
3.140711918875388	6.301672756325446	0.7683714642550519	0.6400041350792568	0.0	-0.6400041350792568	0.7683714642550519	0.0	0.0	0.0	1.0	2.1099999999999994
3.1405514016802187	6.302826211671018	0.7265380186576363	0.6871262674683861	0.0	-0.6871262674683861	0.7265380186576363	0.0	0.0	0.0	1.0	2.12
3.1403796742434924	6.303914067014887	0.6818116296614646	0.7315277859783441	0.0	-0.7315277859783441	0.6818116296614646	0.0	0.0	0.0	1.0	2.13
3.1401974142538496	6.304932029221676	0.6343689806153706	0.7730303981299931	0.0	-0.7730303981299931	0.6343689806153706	0.0	0.0	0.0	1.0	2.1399999999999997
3.1400053409659368	6.305876080961091	0.5843978480683215	0.8114672853375638	0.0	-0.8114672853375638	0.5843978480683215	0.0	0.0	0.0	1.0	2.1499999999999995
3.139804212362134	6.306742496565608	0.5320963544057022	0.8466838073496867	0.0	-0.8466838073496867	0.5320963544057022	0.0	0.0	0.0	1.0	2.16
3.1395948221614103	6.307527856737597	0.47767217393972333	0.8785381575342637	0.0	-0.8785381575342637	0.47767217393972333	0.0	0.0	0.0	1.0	2.17
3.1393779966871014	6.3082290620476975	0.42134169576456976	0.9069019657108682	0.0	-0.9069019657108682	0.42134169576456976	0.0	0.0	0.0	1.0	2.1799999999999997
3.1391545916059695	6.3088433451710255	0.3633291469460652	0.9316608454686955	0.0	-0.9316608454686955	0.3633291469460652	0.0	0.0	0.0	1.0	2.1899999999999995
3.1389254885514246	6.3093682818127235	0.3038656798562699	0.9527148831657282	0.0	-0.9527148831657282	0.3038656798562699	0.0	0.0	0.0	1.0	2.2
3.1386915916442204	6.309801800279595	0.24318842768390425	0.9699790660837122	0.0	-0.9699790660837122	0.24318842768390425	0.0	0.0	0.0	1.0	2.21
3.1384538239243605	6.310142189659877	0.18153953234896966	0.9833836475122604	0.0	-0.9833836475122604	0.18153953234896966	0.0	0.0	0.0	1.0	2.2199999999999998
3.138213123708311	6.31038810657872	0.11916514922310686	0.9928744468514812	0.0	-0.9928744468514812	0.11916514922310686	0.0	0.0	0.0	1.0	2.2299999999999995
3.1379704408858897	6.310538580502597	0.05631443320363381	0.9984130831539386	0.0	-0.9984130831539386	0.05631443320363381	0.0	0.0	0.0	1.0	2.24
3.137726733171457	6.3105930175716	-0.006761489191891031	0.9999771408706841	0.0	-0.9999771408706841	-0.006761489191891031	0.0	0.0	0.0	1.0	2.25
3.1374829623242104	6.310551202944399	-0.06981055695425051	0.9975602669201182	0.0	-0.9975602669201182	-0.06981055695425051	0.0	0.0	0.0	1.0	2.26
3.1372400903525066	6.310413301646599	-0.13258081611817077	0.9911721985595843	0.0	-0.9911721985595843	-0.13258081611817077	0.0	0.0	0.0	1.0	2.2699999999999996
3.136999075717202	6.310179857919096	-0.19482146086003896	0.9808387219050645	0.0	-0.9808387219050645	-0.19482146086003896	0.0	0.0	0.0	1.0	2.2800000000000002
3.1367608695489992	6.309851793069039	-0.2562838693146184	0.9666015613111371	0.0	-0.9666015613111371	-0.2562838693146184	0.0	0.0	0.0	1.0	2.29
3.1365264118947365	6.3094304018319045	-0.31672262930069883	0.9485182001885111	0.0	-0.9485182001885111	-0.31672262930069883	0.0	0.0	0.0	1.0	2.3
3.1362966280074485	6.308917347259128	-0.37589654920894794	0.9266616341970811	0.0	-0.9266616341970811	-0.37589654920894794	0.0	0.0	0.0	1.0	2.3099999999999996
3.1360724246948326	6.30831465415158	-0.4335696493988887	0.9011200581055362	0.0	-0.9011200581055362	-0.4335696493988887	0.0	0.0	0.0	1.0	2.3199999999999994
3.1358546867405557	6.3076247010649045	-0.48951212957425577	0.8719964879514579	0.0	-0.8719964879514579	-0.48951212957425577	0.0	0.0	0.0	1.0	2.33
3.1356442734125074	6.306850210918432	-0.5435013077562972	0.8394083204657878	0.0	-0.8394083204657878	-0.5435013077562972	0.0	0.0	0.0	1.0	2.34
3.135442015071803	6.3059942402448685	-0.5953225266511492	0.8034868320400103	0.0	-0.8034868320400103	-0.5953225266511492	0.0	0.0	0.0	1.0	2.3499999999999996
3.1352487098959045	6.305060167123396	-0.6447700234083035	0.7643766198112392	0.0	-0.7643766198112392	-0.6447700234083035	0.0	0.0	0.0	1.0	2.3599999999999994
3.135065120728797	6.304051677843917	-0.6916477589909096	0.7222349877171921	0.0	-0.7222349877171921	-0.6916477589909096	0.0	0.0	0.0	1.0	2.37
3.134891972070654	6.302972752355281	-0.7357702036223668	0.6772312806283397	0.0	-0.6772312806283397	-0.7357702036223668	0.0	0.0	0.0	1.0	2.38
3.1347299472188532	6.301827648555052	-0.776963075035684	0.6295461698962945	0.0	-0.6295461698962945	-0.776963075035684	0.0	0.0	0.0	1.0	2.3899999999999997
3.1345796855716426	6.300620885482983	-0.8150640265293165	0.5793708938649039	0.0	-0.5793708938649039	-0.8150640265293165	0.0	0.0	0.0	1.0	2.3999999999999995
3.1344417801050666	6.299357225484614	-0.8499232821236761	0.5269064570719534	0.0	-0.5269064570719534	-0.8499232821236761	0.0	0.0	0.0	1.0	2.41
3.134316775033118	6.298041655415496	-0.8814042164129994	0.4723627920247177	0.0	-0.4723627920247177	-0.8814042164129994	0.0	0.0	0.0	1.0	2.42
3.134205163660337	6.296679366960292	-0.9093838770156085	0.4159578875608212	0.0	-0.4159578875608212	-0.9093838770156085	0.0	0.0	0.0	1.0	2.4299999999999997
3.1341073864353257	6.295275736144435	-0.9337534478387308	0.35791688790735016	0.0	-0.35791688790735016	-0.9337534478387308	0.0	0.0	0.0	1.0	2.4399999999999995
3.1340238292128393	6.293836302119246	-0.9544186516897233	0.2984711666254724	0.0	-0.2984711666254724	-0.9544186516897233	0.0	0.0	0.0	1.0	2.45
3.1339548217313187	6.292366745304159	-0.9713000910808552	0.23785737967597795	0.0	-0.23785737967597795	-0.9713000910808552	0.0	0.0	0.0	1.0	2.46
3.133900636311853	6.290872864972306	-0.9843335263876308	0.1763165018632446	0.0	-0.1763165018632446	-0.9843335263876308	0.0	0.0	0.0	1.0	2.4699999999999998
3.133861486783705	6.289360556367771	-0.993470090828418	0.11409285091264483	0.0	-0.11409285091264483	-0.993470090828418	0.0	0.0	0.0	1.0	2.4799999999999995
3.133837527640627	6.287835787444781	-0.9986764420339723	0.05143310340982819	0.0	-0.05143310340982819	-0.9986764420339723	0.0	0.0	0.0	1.0	2.49
3.1338288534312975	6.2863045753204245	-0.999934850267122	-0.011414693218314311	0.0	0.011414693218314311	-0.999934850267122	0.0	0.0	0.0	1.0	2.5
3.1338354983862735	6.284772962533715	-0.9972432236338384	-0.07420210857105236	0.0	0.07420210857105236	-0.9972432236338384	0.0	0.0	0.0	1.0	2.51
3.1338574362829332	6.283246993204504	-0.9906150708954671	-0.1366813129684117	0.0	0.1366813129684117	-0.9906150708954671	0.0	0.0	0.0	1.0	2.5199999999999996
3.1338945805489398	6.281732689186175	-0.980079402746813	-0.1986060530584361	0.0	0.1986060530584361	-0.980079402746813	0.0	0.0	0.0	1.0	2.5300000000000002
3.1339467846038125	6.280236026306038	-0.9656805726649017	-0.25973261554450106	0.0	0.25973261554450106	-0.9656805726649017	0.0	0.0	0.0	1.0	2.54
3.1340138424372737	6.278762910787047	-0.9474780586577541	-0.3198207753760434	0.0	0.3198207753760434	-0.9474780586577541	0.0	0.0	0.0	1.0	2.55
3.134095489422076	6.277319155943715	-0.9255461874508463	-0.37863472489353506	0.0	0.37863472489353506	-0.9255461874508463	0.0	0.0	0.0	1.0	2.5599999999999996
3.1341914033581237	6.275910459244067	-0.8999738028405815	-0.435943980576246	0.0	0.435943980576246	-0.8999738028405815	0.0	0.0	0.0	1.0	2.5699999999999994
3.1343012057437596	6.2745423798280395	-0.8708638801190757	-0.4915242642067107	0.0	0.4915242642067107	-0.8708638801190757	0.0	0.0	0.0	1.0	2.58
3.134424463269222	6.273220316570931	-0.8383330886328132	-0.5451583554375442	0.0	0.5451583554375442	-0.8383330886328132	0.0	0.0	0.0	1.0	2.59
3.1345606895263782	6.271949486778463	-0.8025113046795236	-0.596636912922398	0.0	0.596636912922398	-0.8025113046795236	0.0	0.0	0.0	1.0	2.5999999999999996
3.1347093469279947	6.270734905597453	-0.7635410770735835	-0.6457592613515598	0.0	0.6457592613515598	-0.7635410770735835	0.0	0.0	0.0	1.0	2.6099999999999994
3.134869848828988	6.269581366223377	-0.7215770478206752	-0.6923341419129921	0.0	0.6923341419129921	-0.7215770478206752	0.0	0.0	0.0	1.0	2.62
3.1350415618412852	6.268493420982961	-0.6767853304384878	-0.7361804238794095	0.0	0.7361804238794095	-0.6767853304384878	0.0	0.0	0.0	1.0	2.63
3.135223808333172	6.267475363366517	-0.6293428485424436	-0.7771277752007602	0.0	0.7771277752007602	-0.6293428485424436	0.0	0.0	0.0	1.0	2.6399999999999997
3.1354158691032703	6.2665312110810225	-0.5794366373851658	-0.8150172901575599	0.0	0.8150172901575599	-0.5794366373851658	0.0	0.0	0.0	1.0	2.6499999999999995
3.1356169862186007	6.26566469019097	-0.5272631110962853	-0.8497020723036202	0.0	0.8497020723036202	-0.5272631110962853	0.0	0.0	0.0	1.0	2.66
3.1358263660055328	6.264879220409651	-0.4730272984168761	-0.8810477710955473	0.0	0.8810477710955473	-0.4730272984168761	0.0	0.0	0.0	1.0	2.67
3.1360431821818318	6.264177901599148	-0.4169420497609345	-0.908933070770973	0.0	0.908933070770973	-0.4169420497609345	0.0	0.0	0.0	1.0	2.6799999999999997
3.136266579117428	6.26356350153242	-0.3592272184665901	-0.9332501301970211	0.0	0.9332501301970211	-0.3592272184665901	0.0	0.0	0.0	1.0	2.6899999999999995
3.136495675211058	6.263038444965968	-0.30010881912267584	-0.9539049725652935	0.0	0.9539049725652935	-0.30010881912267584	0.0	0.0	0.0	1.0	2.7
3.136729566369443	6.262604804066396	-0.23981816587367644	-0.9708178239592565	0.0	0.9708178239592565	-0.23981816587367644	0.0	0.0	0.0	1.0	2.71
