3.111485028722773	6.286207389817359	1.0	0.0	0.0	-0.0	1.0	0.0	0.0	0.0	1.0	0.0
3.1415766314707985	6.29193639702995	0.9994630961614672	0.03276460607628017	0.0	-0.03276460607628017	0.9994630961614672	0.0	0.0	0.0	1.0	0.01
3.1414601586913187	6.30332724087591	0.9954195638025136	0.09560278238217597	0.0	-0.09560278238217597	0.9954195638025136	0.0	0.0	0.0	1.0	0.02
3.1412300815759555	6.31464980616863	0.9874112433676938	0.1581740701602669	0.0	-0.1581740701602669	0.9874112433676938	0.0	0.0	0.0	1.0	0.03
3.1408873061592457	6.325859502791687	0.9754489052255768	0.22022586881250775	0.0	-0.22022586881250775	0.9754489052255768	0.0	0.0	0.0	1.0	0.04000000000000001
3.140433182321182	6.336912180833369	0.9595597500085126	0.2815050375456909	0.0	-0.2815050375456909	0.9595597500085126	0.0	0.0	0.0	1.0	0.05
3.1398694985219304	6.347764302979714	0.9397876239712927	0.3417590113375099	0.0	-0.3417590113375099	0.9397876239712927	0.0	0.0	0.0	1.0	0.06
3.1391984748230026	6.358373114722374	0.9161931525871282	0.4007369550621199	0.0	-0.4007369550621199	0.9161931525871282	0.0	0.0	0.0	1.0	0.07
3.1384227542198295	6.3686968117614695	0.8888537867271706	0.4581909490821152	0.0	-0.4581909490821152	0.8888537867271706	0.0	0.0	0.0	1.0	0.08000000000000002
3.1375453923168726	6.37869470398473	0.8578637563891908	0.5138771988265555	0.0	-0.5138771988265555	0.8578637563891908	0.0	0.0	0.0	1.0	0.09
3.136569845382593	6.3883273754063294	0.8233339276687736	0.5675572601504721	0.0	-0.5675572601504721	0.8233339276687736	0.0	0.0	0.0	1.0	0.1
3.135499956827749	6.397556839452237	0.7853915594958026	0.6189992716253802	0.0	-0.6189992716253802	0.7853915594958026	0.0	0.0	0.0	1.0	0.11000000000000001
3.134339942156592	6.406346688984237	0.744179957581162	0.6679791843571925	0.0	-0.6679791843571925	0.744179957581162	0.0	0.0	0.0	1.0	0.12
3.1330943724465907	6.4146622404622	0.6998580240224406	0.7142819794810766	0.0	-0.7142819794810766	0.6998580240224406	0.0	0.0	0.0	1.0	0.13
3.131768156418247	6.4224706716544135	0.6525997020898451	0.7577028631543143	0.0	-0.7577028631543143	0.6525997020898451	0.0	0.0	0.0	1.0	0.14
3.130366521162433	6.429741152319002	0.6025933168395432	0.7980484286685351	0.0	-0.7980484286685351	0.6025933168395432	0.0	0.0	0.0	1.0	0.15000000000000002
3.128894991598349	6.436444967296229	0.550040813364636	0.8351377752402115	0.0	-0.8351377752402115	0.550040813364636	0.0	0.0	0.0	1.0	0.16000000000000003
3.127359368740706	6.442555631471992	0.4951568956759103	0.8688035731191462	0.0	-0.8688035731191462	0.4951568956759103	0.0	0.0	0.0	1.0	0.17000000000000004
3.1257657068600344	6.448048996097379	0.43816807038642747	0.8988930648824891	0.0	-0.8988930648824891	0.43816807038642747	0.0	0.0	0.0	1.0	0.18
3.1241202896250035	6.452903345977995	0.37931160053618146	0.9252689931574928	0.0	-0.9252689931574928	0.37931160053618146	0.0	0.0	0.0	1.0	0.19
3.1224296053203666	6.457099487079802	0.3188343760156134	0.9478104455378905	0.0	-0.9478104455378905	0.3188343760156134	0.0	0.0	0.0	1.0	0.2
3.120700321238471	6.46062082413562	0.2569917081099102	0.9664136081216732	0.0	-0.9664136081216732	0.2569917081099102	0.0	0.0	0.0	1.0	0.21000000000000002
3.1189392573462493	6.463453427877902	0.19404605667068964	0.9809924198945452	0.0	-0.9809924198945452	0.19404605667068964	0.0	0.0	0.0	1.0	0.22000000000000003
3.1171533593331113	6.465586091568824	0.13026569930979082	0.9914791211030776	0.0	-0.9914791211030776	0.13026569930979082	0.0	0.0	0.0	1.0	0.23000000000000004
3.1153496711482216	6.4670103765476705	0.06592335278491876	0.997824689791546	0.0	-0.997824689791546	0.06592335278491876	0.0	0.0	0.0	1.0	0.24
3.113535307138167	6.467720646567647	0.001294757394195215	0.9999991618012939	0.0	-0.9999991618012939	0.001294757394195215	0.0	0.0	0.0	1.0	0.25
3.111717423898051	6.467714090748917	-0.06334276429614841	0.9979918307337604	0.0	-0.9979918307337604	-0.06334276429614841	0.0	0.0	0.0	1.0	0.26
3.1099031919504854	6.466990735031449	-0.12771176270946388	0.9918113256389249	0.0	-0.9918113256389249	-0.12771176270946388	0.0	0.0	0.0	1.0	0.27
3.108099767367825	6.4655534420694	-0.1915361186199414	0.9814855654893799	0.0	-0.9814855654893799	-0.1915361186199414	0.0	0.0	0.0	1.0	0.28
3.1063142634532928	6.463407899567534	-0.2545424906961976	0.967061590815278	0.0	-0.967061590815278	-0.2545424906961976	0.0	0.0	0.0	1.0	0.29000000000000004
3.104553722596323	6.460562597119075	-0.31646174142831457	0.9486052741852949	0.0	-0.9486052741852949	-0.31646174142831457	0.0	0.0	0.0	1.0	0.30000000000000004
3.102825088416584	6.457028791662438	-0.37703032992133123	0.9262009125019324	0.0	-0.9262009125019324	-0.37703032992133123	0.0	0.0	0.0	1.0	0.31000000000000005
3.101135178309674	6.452820461731045	-0.43599166047428156	0.8999507053149516	0.0	-0.8999507053149516	-0.43599166047428156	0.0	0.0	0.0	1.0	0.32000000000000006
3.099490656505453	6.447954250725097	-0.49309737644587837	0.8699741245245124	0.0	-0.8699741245245124	-0.49309737644587837	0.0	0.0	0.0	1.0	0.33000000000000007
3.097898007747454	6.4424493994862155	-0.5481085896248743	0.8364071819272184	0.0	-0.8364071819272184	-0.5481085896248743	0.0	0.0	0.0	1.0	0.3400000000000001
3.096363511698722	6.436327668504795	-0.600797036161518	0.7994016020371335	0.0	-0.7994016020371335	-0.600797036161518	0.0	0.0	0.0	1.0	0.3500000000000001
3.094893218175927	6.429613250135227	-0.6509461510607681	0.7591239084755346	0.0	-0.7591239084755346	-0.6509461510607681	0.0	0.0	0.0	1.0	0.36
3.093492923309625	6.422332671235585	-0.6983520542707123	0.7157544329557982	0.0	-0.7157544329557982	-0.6983520542707123	0.0	0.0	0.0	1.0	0.37
3.092168146724183	6.414514686685654	-0.7428244425022734	0.6694862564841692	0.0	-0.6694862564841692	-0.7428244425022734	0.0	0.0	0.0	1.0	0.38
3.0909241098261733	6.4061901642701695	-0.7841873820692505	0.6205240928468251	0.0	-0.6205240928468251	-0.7841873820692505	0.0	0.0	0.0	1.0	0.39
3.0897657152850426	6.397391961442884	-0.8222799992210036	0.5690831247551683	0.0	-0.5690831247551683	-0.8222799992210036	0.0	0.0	0.0	1.0	0.4
3.0886975277845514	6.388154794511546	-0.8569570656336836	0.5153878031739854	0.0	-0.5153878031739854	-0.8569570656336836	0.0	0.0	0.0	1.0	0.41000000000000003
3.0877237561179913	6.378515100804365	-0.8880894779102488	0.4596706203632138	0.0	-0.4596706203632138	-0.8880894779102488	0.0	0.0	0.0	1.0	0.42000000000000004
3.086848236694494	6.36851089439517	-0.915564631095842	0.40217086702835025	0.0	-0.40217086702835025	-0.915564631095842	0.0	0.0	0.0	1.0	0.43000000000000005
3.0860744185178937	6.358181615977716	-0.939286687325891	0.34313338370428775	0.0	-0.34313338370428775	-0.939286687325891	0.0	0.0	0.0	1.0	0.44000000000000006
3.0854053496936538	6.347567977489657	-0.9591767417734711	0.2828073161020201	0.0	-0.2828073161020201	-0.9591767417734711	0.0	0.0	0.0	1.0	0.45000000000000007
3.084843665513322	6.336711802094203	-0.9751728890357404	0.22144488363854262	0.0	-0.22144488363854262	-0.9751728890357404	0.0	0.0	0.0	1.0	0.4600000000000001
3.084391578159873	6.325655860132692	-0.987230193984327	0.15930016976032485	0.0	-0.15930016976032485	-0.987230193984327	0.0	0.0	0.0	1.0	0.4700000000000001
3.0840508680711345	6.314443701664722	-0.995320571891215	0.09662794197407273	0.0	-0.09662794197407273	-0.995320571891215	0.0	0.0	0.0	1.0	0.48
3.0838228769923304	6.303119486214583	-0.9994325833219778	0.033682508730168766	0.0	-0.033682508730168766	-0.9994325833219778	0.0	0.0	0.0	1.0	0.49
3.0837085027425677	6.291727810343854	-0.999571149856431	-0.02928338052022599	0.0	0.02928338052022599	-0.999571149856431	0.0	0.0	0.0	1.0	0.5
3.0837081957138994	6.28031353367044	-0.9957571971494558	-0.0920195866381713	0.0	0.0920195866381713	-0.9957571971494558	0.0	0.0	0.0	1.0	0.51
3.0838219571153864	6.268921603954532	-0.988027232180563	-0.15427957891314123	0.0	0.15427957891314123	-0.988027232180563	0.0	0.0	0.0	1.0	0.52
3.0840493389683865	6.2575968818719225	-0.9764328617605115	-0.215821376314252	0.0	0.215821376314252	-0.9764328617605115	0.0	0.0	0.0	1.0	0.53
3.084389445853076	6.246383966095111	-0.9610402594696463	-0.27640842910178215	0.0	0.27640842910178215	-0.9610402594696463	0.0	0.0	0.0	1.0	0.54
3.0848409384000264	6.2353270193026775	-0.9419295882000184	-0.33581043889870976	0.0	0.33581043889870976	-0.9419295882000184	0.0	0.0	0.0	1.0	0.55
3.085402038514439	6.2244695957374105	-0.9191943853677997	-0.39380411616476657	0.0	0.39380411616476657	-0.9191943853677997	0.0	0.0	0.0	1.0	0.56
3.086070536314442	6.213854470933571	-0.8929409176613453	-0.45017387481518134	0.0	0.45017387481518134	-0.8929409176613453	0.0	0.0	0.0	1.0	0.5700000000000001
3.086843798758652	6.203523474233225	-0.8632875119019423	-0.5047124644727469	0.0	0.5047124644727469	-0.8632875119019423	0.0	0.0	0.0	1.0	0.5799999999999998
3.0877187799320036	6.19351732471049	-0.8303638682282208	-0.5572215415264076	0.0	0.5572215415264076	-0.8303638682282208	0.0	0.0	0.0	1.0	0.5900000000000001
3.0886920329526864	6.1838754711205	-0.7943103613814209	-0.6075121807849754	0.0	0.6075121807849754	-0.7943103613814209	0.0	0.0	0.0	1.0	0.5999999999999999
3.089759723456854	6.17463593648646	-0.7552773353777421	-0.6554053300551482	0.0	0.6554053300551482	-0.7552773353777421	0.0	0.0	0.0	1.0	0.6100000000000001
3.090917644611687	6.165835167932992	-0.7134243963167235	-0.7007322104342848	0.0	0.7007322104342848	-0.7134243963167235	0.0	0.0	0.0	1.0	0.6199999999999999
3.0921612336013196	6.157507892366519	-0.6689197075018041	-0.7433346654876932	0.0	0.7433346654876932	-0.6689197075018041	0.0	0.0	0.0	1.0	0.6300000000000001
3.0934855895242053	6.149686978593352	-0.6219392904518991	-0.7830654627757427	0.0	0.7830654627757427	-0.6219392904518991	0.0	0.0	0.0	1.0	0.6399999999999999
3.0948854926346385	6.142403306452958	-0.57266633477141	-0.8197885514079098	0.0	0.8197885514079098	-0.57266633477141	0.0	0.0	0.0	1.0	0.6500000000000001
3.096355424855458	6.1356856435272675	-0.5212905192310618	-0.8533792794296156	0.0	0.8533792794296156	-0.5212905192310618	0.0	0.0	0.0	1.0	0.6599999999999999
3.0978895914834537	6.129560529966401	-0.4680073458028897	-0.8837245748956711	0.0	0.8837245748956711	-0.4680073458028897	0.0	0.0	0.0	1.0	0.6700000000000002
3.0994819440037173	6.124052171946757	-0.413017487799104	-0.9107230944541359	0.0	0.9107230944541359	-0.413017487799104	0.0	0.0	0.0	1.0	0.6799999999999999
3.101126203924141	6.119182344248684	-0.35652615269479127	-0.9342853431605627	0.0	0.9342853431605627	-0.35652615269479127	0.0	0.0	0.0	1.0	0.6900000000000002
3.1028158875365817	6.114970302407961	-0.2987424596767168	-0.9543337690694516	0.0	0.9543337690694516	-0.2987424596767168	0.0	0.0	0.0	1.0	0.7
3.104544331506836	6.111432704858057	-0.2398788314617971	-0.9708028359128968	0.0	0.9708028359128968	-0.2398788314617971	0.0	0.0	0.0	1.0	0.71
3.1063047191916064	6.108583545438713	-0.18015039947587588	-0.9836390768816997	0.0	0.9836390768816997	-0.18015039947587588	0.0	0.0	0.0	1.0	0.72
3.108090107577112	6.106434096601066	-0.11977442108168508	-0.9928011321783166	0.0	0.9928011321783166	-0.11977442108168508	0.0	0.0	0.0	1.0	0.73
3.1098934547309334	6.10499286359062	-0.058969707199419824	-0.9982597726207417	0.0	0.9982597726207417	-0.058969707199419824	0.0	0.0	0.0	1.0	0.74
3.111707647656136	6.104265549837332	0.00204394162183121	-0.9999979111491417	0.0	0.9999979111491417	0.00204394162183121	0.0	0.0	0.0	1.0	0.75
3.113525530434675	6.104255033727365	0.06304629284511347	-0.9980106036302862	0.0	0.9980106036302862	0.06304629284511347	0.0	0.0	0.0	1.0	0.76
3.1153399325456492	6.104961356874357	0.12381723561783337	-0.9923050398763266	0.0	0.9923050398763266	0.12381723561783337	0.0	0.0	0.0	1.0	0.77
3.1171436972430575	6.106381723949905	0.18413733288151224	-0.9829005253021708	0.0	0.9829005253021708	0.18413733288151224	0.0	0.0	0.0	1.0	0.78
3.118929709877425	6.108510514074136	0.24378837434421763	-0.9698284531475676	0.0	0.9698284531475676	0.24378837434421763	0.0	0.0	0.0	1.0	0.79
3.1206909260459437	6.111339303708357	0.30255393269073994	-0.9531322666940656	0.0	0.9531322666940656	0.30255393269073994	0.0	0.0	0.0	1.0	0.8
3.1224203994566526	6.114856900933655	0.3602199252872491	-0.93286741042125	0.0	0.93286741042125	0.3602199252872491	0.0	0.0	0.0	1.0	0.81
3.1241113093936117	6.119049390942491	0.41657518345201294	-0.9091012685789861	0.0	0.9091012685789861	0.41657518345201294	0.0	0.0	0.0	1.0	0.8200000000000001
3.1257569876720495	6.12390019251561	0.47141203111399954	-0.8819130892105943	0.0	0.8819130892105943	0.47141203111399954	0.0	0.0	0.0	1.0	0.8300000000000001
3.1273509449749914	6.129390125204438	0.5245268743698257	-0.8513938912535262	0.0	0.8513938912535262	0.5245268743698257	0.0	0.0	0.0	1.0	0.8399999999999999
3.1288868964659207	6.135497486890128	0.575720803080334	-0.8176463519765348	0.0	0.8176463519765348	0.575720803080334	0.0	0.0	0.0	1.0	0.8500000000000001
3.13035878657555	6.142198141344976	0.6248002052256117	-0.7807846716925438	0.0	0.7807846716925438	0.6248002052256117	0.0	0.0	0.0	1.0	0.8599999999999999
3.131760812864726	6.149465615380408	0.6715773942669243	-0.740934412420997	0.0	0.740934412420997	0.6715773942669243	0.0	0.0	0.0	1.0	0.8700000000000001
3.1330874488698437	6.157271205128331	0.7158712492517522	-0.6982323069686304	0.0	0.6982323069686304	0.7158712492517522	0.0	0.0	0.0	1.0	0.8799999999999999
3.134333465841843	6.165584090969534	0.7575078668509607	-0.652826034758807	0.0	0.652826034758807	0.7575078668509607	0.0	0.0	0.0	1.0	0.8900000000000001
3.1354939532948736	6.174371460593983	0.796321223942378	-0.6048739606719015	0.0	0.6048739606719015	0.796321223942378	0.0	0.0	0.0	1.0	0.8999999999999999
3.136564338285989	6.1835986396532725	0.8321538487612119	-0.5545448331667171	0.0	0.5545448331667171	0.8321538487612119	0.0	0.0	0.0	1.0	0.9100000000000001
3.137540403352732	6.193229229444944	0.8648574980334007	-0.5020174380391644	0.0	0.5020174380391644	0.8648574980334007	0.0	0.0	0.0	1.0	0.9199999999999999
3.1384183030411696	6.203225251051608	0.8942938369028328	-0.4474802043416106	0.0	0.4474802043416106	0.8942938369028328	0.0	0.0	0.0	1.0	0.9300000000000002
3.1391945789627598	6.213547295344568	0.9203351178670663	-0.3911307592361065	0.0	0.3911307592361065	0.9203351178670663	0.0	0.0	0.0	1.0	0.94
3.139866173324411	6.224154678251426	0.9428648543592475	-0.33317542888711793	0.0	0.33317542888711793	0.9428648543592475	0.0	0.0	0.0	1.0	0.9500000000000002
3.1404304408821115	6.235005600679698	0.9617784840667324	-0.27382868291378526	0.0	0.27382868291378526	0.9617784840667324	0.0	0.0	0.0	1.0	0.96
3.1408851592746374	6.246057312483148	0.9769840165703533	-0.21331252041560925	0.0	0.21331252041560925	0.9769840165703533	0.0	0.0	0.0	1.0	0.97
3.1412285376999813	6.2572662798541545	0.9884026594328679	-0.15185579615554445	0.0	0.15185579615554445	0.9884026594328679	0.0	0.0	0.0	1.0	0.98
3.141459223903336	6.2685883555232875	0.9959694164715406	-0.08969348612546398	0.0	0.08969348612546398	0.9959694164715406	0.0	0.0	0.0	1.0	0.99
3.1415763094516462	6.279978951146206	0.9996336516280611	-0.02706589242475347	0.0	0.02706589242475347	0.9996336516280611	0.0	0.0	0.0	1.0	1.0
3.141579333275954	6.291393211257486	0.9993596116087471	0.03578221185469618	0.0	-0.03578221185469618	0.9993596116087471	0.0	0.0	0.0	1.0	1.0099999999999998
3.1414682834689693	6.302786188170912	0.9951269003179826	0.09860249623373618	0.0	-0.09860249623373618	0.9951269003179826	0.0	0.0	0.0	1.0	1.02
3.1412435973314854	6.314113017205744	0.9869308980559041	0.16114404259098958	0.0	-0.16114404259098958	0.9869308980559041	0.0	0.0	0.0	1.0	1.0299999999999998
3.1409061596674883	6.3253290916185465	0.9747831185040856	0.2231543678251672	0.0	-0.2231543678251672	0.9747831185040856	0.0	0.0	0.0	1.0	1.04
3.1404572993339888	6.336390236620117	0.9587114966855607	0.28438049532788334	0.0	-0.28438049532788334	0.9587114966855607	0.0	0.0	0.0	1.0	1.0499999999999998
3.1398987840578276	6.347252881857083	0.9387606013615071	0.3445700702779937	0.0	-0.3445700702779937	0.9387606013615071	0.0	0.0	0.0	1.0	1.06
3.1392328135379044	6.357874231737837	0.9149917657181021	0.40347251290276237	0.0	-0.40347251290276237	0.9149917657181021	0.0	0.0	0.0	1.0	1.0699999999999998
3.1384620108574754	6.368212432982959	0.8874831307031883	0.460840203017562	0.0	-0.460840203017562	0.8874831307031883	0.0	0.0	0.0	1.0	1.08
3.137589412237371	6.378226738781335	0.8563295959912581	0.5164296883695288	0.0	-0.5164296883695288	0.8563295959912581	0.0	0.0	0.0	1.0	1.0899999999999999
3.1366184551671514	6.3878776689352526	0.8216426742823205	0.5700029085874883	0.0	-0.5700029085874883	0.8216426742823205	0.0	0.0	0.0	1.0	1.1
3.1355529649573857	6.397127165381109	0.7835502454688933	0.6213284258953853	0.0	-0.6213284258953853	0.7835502454688933	0.0	0.0	0.0	1.0	1.1099999999999999
3.134397139762329	6.405938742477558	0.742196208126648	0.6701826531942061	0.0	-0.6701826531942061	0.742196208126648	0.0	0.0	0.0	1.0	1.12
3.1331555341283455	6.414277631460299	0.6977400267872247	0.7163510696711236	0.0	-0.7163510696711236	0.6977400267872247	0.0	0.0	0.0	1.0	1.13
3.131833041129358	6.422110918472736	0.6503561745231562	0.7596294137667433	0.0	-0.7596294137667433	0.6503561745231562	0.0	0.0	0.0	1.0	1.1400000000000001
3.130434873156483	6.429407675594841	0.6002334714999501	0.799824843131994	0.0	-0.799824843131994	0.6002334714999501	0.0	0.0	0.0	1.0	1.15
3.1289665414346706	6.436139084309139	0.5475743213123266	0.8367570511440849	0.0	-0.8367570511440849	0.5475743213123266	0.0	0.0	0.0	1.0	1.1599999999999997
3.1274338343447172	6.442278550863049	0.4925938481026711	0.8702593296319222	0.0	-0.8702593296319222	0.4925938481026711	0.0	0.0	0.0	1.0	1.17
3.1258427946342864	6.447801813011192	0.43551893864072566	0.9001795676892783	0.0	-0.9001795676892783	0.43551893864072566	0.0	0.0	0.0	1.0	1.1799999999999997
3.1241996956066047	6.4526870376498975	0.3765871947048774	0.9263811768296627	0.0	-0.9263811768296627	0.3765871947048774	0.0	0.0	0.0	1.0	1.19
3.1225110163802205	6.456914908889	0.3160458022272043	0.9487439332583703	0.0	-0.9487439332583703	0.3160458022272043	0.0	0.0	0.0	1.0	1.1999999999999997
3.1207834163175776	6.460468706143162	0.25415032472682825	0.96716472869995	0.0	-0.96716472869995	0.25415032472682825	0.0	0.0	0.0	1.0	1.21
3.119023708724131	6.463334371866319	0.1911634295402521	0.9815582220155915	0.0	-0.9815582220155915	0.1911634295402521	0.0	0.0	0.0	1.0	1.2199999999999998
3.1172388339232766	6.46550056859799	0.12735355624486125	0.9918573847644565	0.0	-0.9918573847644565	0.12735355624486125	0.0	0.0	0.0	1.0	1.23
3.1154358318154354	6.466958725039084	0.06299353744644588	0.9980139348926864	0.0	-0.9980139348926864	0.06299353744644588	0.0	0.0	0.0	1.0	1.2399999999999998
3.1136218140321947	6.467703070926732	-0.001640817251562846	0.9999986538584674	0.0	-0.9999986538584674	-0.001640817251562846	0.0	0.0	0.0	1.0	1.25
3.111803935798464	6.467730660532334	-0.06627216277248481	0.9978015837036227	0.0	-0.9978015837036227	-0.06627216277248481	0.0	0.0	0.0	1.0	1.2599999999999998
3.1099893676170436	6.467041384663642	-0.13062307390285072	0.9914321018426681	0.0	-0.9914321018426681	-0.13062307390285072	0.0	0.0	0.0	1.0	1.27
3.1081852668909447	6.465637971109821	-0.194417502559168	0.9809188726386378	0.0	-0.9809188726386378	-0.194417502559168	0.0	0.0	0.0	1.0	1.2799999999999998
3.106398749599089	6.463525973527188	-0.2573822250641016	0.966309676149966	0.0	-0.966309676149966	-0.2573822250641016	0.0	0.0	0.0	1.0	1.29
3.1046368621407585	6.460713748822234	-0.3192482676336475	0.947671115742648	0.0	-0.947671115742648	-0.3192482676336475	0.0	0.0	0.0	1.0	1.2999999999999998
3.1029065534632987	6.457212423146629	-0.379752298559084	0.9250882075451468	0.0	-0.9250882075451468	-0.379752298559084	0.0	0.0	0.0	1.0	1.31
3.1012146475861595	6.453035846675769	-0.4386379760037391	0.8986638559591363	0.0	-0.8986638559591363	-0.4386379760037391	0.0	0.0	0.0	1.0	1.3199999999999998
3.0995678166323475	6.448200537397172	-0.49565724091703306	0.8685182206070949	0.0	-0.8685182206070949	-0.49565724091703306	0.0	0.0	0.0	1.0	1.33
3.0979725544758527	6.442725614187242	-0.5505715452854819	0.8347879811796266	0.0	-0.8347879811796266	-0.5505715452854819	0.0	0.0	0.0	1.0	1.3399999999999999
3.0964351511105725	6.436632719503979	-0.6031530067792776	0.7976255076244221	0.0	-0.7976255076244221	-0.6031530067792776	0.0	0.0	0.0	1.0	1.35
3.094961667842744	6.429945932068746	-0.6531854817977676	0.7571979439807126	0.0	-0.7571979439807126	-0.6531854817977676	0.0	0.0	0.0	1.0	1.3599999999999999
3.0935579134049593	6.422691669951762	-0.7004655499506436	0.713686214895834	0.0	-0.713686214895834	-0.7004655499506436	0.0	0.0	0.0	1.0	1.37
3.0922294210855004	6.414898584513576	-0.7448034041149214	0.6672839644550325	0.0	-0.6672839644550325	-0.7448034041149214	0.0	0.0	0.0	1.0	1.38
3.09098142696203	6.406597445687872	-0.7860236413616029	0.6181964374053336	0.0	-0.6181964374053336	-0.7860236413616029	0.0	0.0	0.0	1.0	1.3900000000000001
3.089818849323676	6.397821019119976	-0.8239659512299636	0.5666393131558216	0.0	-0.5666393131558216	-0.8239659512299636	0.0	0.0	0.0	1.0	1.4
3.0887462693602803	6.388603935700068	-0.8584856990219567	0.5128375030892168	0.0	-0.5128375030892168	-0.8584856990219567	0.0	0.0	0.0	1.0	1.4099999999999997
3.0877679131920783	6.378982554050791	-0.8894544029744317	0.45702392172554535	0.0	-0.45702392172554535	-0.8894544029744317	0.0	0.0	0.0	1.0	1.42
3.0868876353073933	6.368994816545747	-0.9167601053241943	0.39943824214260265	0.0	-0.39943824214260265	-0.9167601053241943	0.0	0.0	0.0	1.0	1.4299999999999997
3.0861089034700937	6.358680099448783	-0.94030763839264	0.34032564578717284	0.0	-0.34032564578717284	-0.94030763839264	0.0	0.0	0.0	1.0	1.44
3.08543478515261	6.348079057774169	-0.9600187878667649	0.27993557641505223	0.0	-0.27993557641505223	-0.9600187878667649	0.0	0.0	0.0	1.0	1.4499999999999997
3.084867935544262	6.337233465475382	-0.9758323564275195	0.21852050738801315	0.0	-0.21852050738801315	-0.9758323564275195	0.0	0.0	0.0	1.0	1.46
3.08441058717855	6.32618605157552	-0.9877041317622994	0.15633473094511718	0.0	-0.15633473094511718	-0.9877041317622994	0.0	0.0	0.0	1.0	1.4699999999999998
3.0840645412168968	6.314980332855862	-0.9956067637857609	0.09363317736809042	0.0	-0.09363317736809042	-0.9956067637857609	0.0	0.0	0.0	1.0	1.48
3.0838311604201714	6.303660443721265	-0.999529556574021	0.030670271191186982	0.0	-0.030670271191186982	-0.999529556574021	0.0	0.0	0.0	1.0	1.4899999999999998
3.0837113638331135	6.292270963862163	-0.9994781810860319	-0.03230116921966097	0.0	0.03230116921966097	-0.9994781810860319	0.0	0.0	0.0	1.0	1.5
3.0837056232005913	6.280856744333512	-0.9954743151989143	-0.09503098325942326	0.0	0.09503098325942326	-0.9954743151989143	0.0	0.0	0.0	1.0	1.5099999999999998
3.0838139611284023	6.2694627326711005	-0.9875552179200876	-0.1572726662799621	0.0	0.1572726662799621	-0.9875552179200876	0.0	0.0	0.0	1.0	1.52
3.0840359509951485	6.258133797665686	-0.9757732448588408	-0.21878431072096716	0.0	0.21878431072096716	-0.9757732448588408	0.0	0.0	0.0	1.0	1.5299999999999998
3.084370718615485	6.246914554415388	-0.9601953121462637	-0.2793294874021346	0.0	0.2793294874021346	-0.9601953121462637	0.0	0.0	0.0	1.0	1.54
3.084816945648857	6.235849190276807	-0.9409023159896676	-0.33867806507844556	0.0	0.33867806507844556	-0.9409023159896676	0.0	0.0	0.0	1.0	1.5499999999999998
3.085372874741626	6.224981292335361	-0.9179885149417214	-0.3966069672044265	0.0	0.3966069672044265	-0.9179885149417214	0.0	0.0	0.0	1.0	1.56
3.086036316384283	6.214353677015239	-0.8915608817629347	-0.45290086565395116	0.0	0.45290086565395116	-0.8915608817629347	0.0	0.0	0.0	1.0	1.5699999999999998
3.08680465745925	6.204008222448923	-0.8617384314672311	-0.5073528118897108	0.0	0.5073528118897108	-0.8617384314672311	0.0	0.0	0.0	1.0	1.58
3.0876748714485633	6.1939857042252076	-0.8286515317736599	-0.559764806761882	0.0	0.559764806761882	-0.8286515317736599	0.0	0.0	0.0	1.0	1.5899999999999999
3.088643530264571	6.184325635132629	-0.7924412017527541	-0.6099483107318611	0.0	0.6099483107318611	-0.7924412017527541	0.0	0.0	0.0	1.0	1.6
3.089706817660612	6.175066109511908	-0.7532584039643394	-0.6577246968581127	0.0	0.6577246968581127	-0.7532584039643394	0.0	0.0	0.0	1.0	1.6099999999999999
3.0908605441725254	6.166243652825861	-0.71126333484542	-0.7029256493432089	0.0	0.7029256493432089	-0.71126333484542	0.0	0.0	0.0	1.0	1.62
3.0921001635358163	6.157893077047965	-0.6666247175332075	-0.745393510820809	0.0	0.745393510820809	-0.6666247175332075	0.0	0.0	0.0	1.0	1.63
3.0934207905173077	6.1500473424607796	-0.6195191007100703	-0.7849815818574254	0.0	0.7849815818574254	-0.6195191007100703	0.0	0.0	0.0	1.0	1.6400000000000001
3.094817220094285	6.142737426442417	-0.5701301664450348	-0.8215543763557936	0.0	0.8215543763557936	-0.5701301664450348	0.0	0.0	0.0	1.0	1.65
3.096283947908422	6.135992199802764	-0.518648049390471	-0.8549878366757387	0.0	0.8549878366757387	-0.518648049390471	0.0	0.0	0.0	1.0	1.6600000000000001
3.097815191916273	6.129838311210943	-0.465268669082867	-0.8851695123363985	0.0	0.8851695123363985	-0.465268669082867	0.0	0.0	0.0	1.0	1.67
3.0994049151527996	6.124300080231178	-0.4101930765020819	-0.9119987061338175	0.0	0.9119987061338175	-0.4101930765020819	0.0	0.0	0.0	1.0	1.6799999999999997
3.1010468495193946	6.119399399455767	-0.35362681547315444	-0.9353865914039583	0.0	0.9353865914039583	-0.35362681547315444	0.0	0.0	0.0	1.0	1.69
3.102734520503119	6.11515564619105	-0.29577929895623456	-0.9552563039880755	0.0	0.9552563039880755	-0.29577929895623456	0.0	0.0	0.0	1.0	1.6999999999999997
3.1044612727294973	6.111585604115221	-0.23686319977102038	-0.971543012220372	0.0	0.971543012220372	-0.23686319977102038	0.0	0.0	0.0	1.0	1.71
3.1062202962472396	6.108703395285573	-0.17709385484855986	-0.9841939679630624	0.0	0.9841939679630624	-0.17709385484855986	0.0	0.0	0.0	1.0	1.7199999999999998
3.108004653439695	6.106520422827652	-0.11668868170103036	-0.993168541367917	0.0	0.993168541367917	-0.11668868170103036	0.0	0.0	0.0	1.0	1.73
3.1098073064547607	6.105045324590021	-0.05586660545426859	-0.9984382416529413	0.0	0.9984382416529413	-0.05586660545426859	0.0	0.0	0.0	1.0	1.7399999999999998
3.111621145042402	6.104283937996451	0.005152505497820318	-0.9999867257554448	0.0	0.9999867257554448	0.005152505497820318	0.0	0.0	0.0	1.0	1.75
3.1134390146868736	6.104239276272739	0.06614839737966607	-0.9978097962658524	0.0	0.9978097962658524	0.06614839737966607	0.0	0.0	0.0	1.0	1.7599999999999998
3.1152537449192543	6.104911516168735	0.12690098477977127	-0.9919153895680439	0.0	0.9919153895680439	0.12690098477977127	0.0	0.0	0.0	1.0	1.77
3.117058177694996	6.106297997238085	0.18719090266210492	-0.9823235546196307	0.0	0.9823235546196307	0.18719090266210492	0.0	0.0	0.0	1.0	1.7799999999999998
3.1188451957208403	6.108393232679344	0.24680005906866648	-0.9690664223074199	0.0	0.9690664223074199	0.24680005906866648	0.0	0.0	0.0	1.0	1.79
3.1206077506157257	6.111188931683268	0.30551219088885606	-0.9521881648173807	0.0	0.9521881648173807	0.30551219088885606	0.0	0.0	0.0	1.0	1.7999999999999998
3.1223388907911547	6.114674033172871	0.36311342495333704	-0.9317449439726825	0.0	0.9317449439726825	0.36311342495333704	0.0	0.0	0.0	1.0	1.81
3.1240317889379	6.118834750765978	0.41939284652516085	-0.9078048470257929	0.0	0.9078048470257929	0.41939284652516085	0.0	0.0	0.0	1.0	1.8199999999999998
3.125679769007909	6.1236546287351405	0.4741430770115997	-0.8804478079488711	0.0	0.8804478079488711	0.4741430770115997	0.0	0.0	0.0	1.0	1.83
3.127276332582792	6.129114608687483	0.5271608624090881	-0.8497655118584811	0.0	0.8497655118584811	0.5271608624090881	0.0	0.0	0.0	1.0	1.8399999999999999
3.1288151845232908	6.135193106637926	0.5782476736249963	-0.815861279843136	0.0	0.815861279843136	0.5782476736249963	0.0	0.0	0.0	1.0	1.85
3.130290257797613	6.141866100103565	0.6272103193979359	-0.7788499311425401	0.0	0.7788499311425401	0.6272103193979359	0.0	0.0	0.0	1.0	1.8599999999999999
3.1316957373904772	6.149107224805289	0.6738615720685265	-0.7388576193620352	0.0	0.7388576193620352	0.6738615720685265	0.0	0.0	0.0	1.0	1.87
3.1330260831990184	6.156887880525134	0.7180208059408612	-0.6960216392009924	0.0	0.6960216392009924	0.7180208059408612	0.0	0.0	0.0	1.0	1.88
3.134276051826394	6.1651773456345085	0.7595146474284077	-0.6504902000350978	0.0	0.6504902000350978	0.7595146474284077	0.0	0.0	0.0	1.0	1.8900000000000001
3.1354407171889425	6.173942899779442	0.7981776356040348	-0.6024221626248099	0.0	0.6024221626248099	0.7981776356040348	0.0	0.0	0.0	1.0	1.9
3.13651548985798	6.183149954184176	0.8338528911807643	-0.5519867352296434	0.0	0.5519867352296434	0.8338528911807643	0.0	0.0	0.0	1.0	1.9100000000000001
3.137496135062857	6.19276218901369	0.8663927913463008	-0.499363125494029	0.0	0.499363125494029	0.8663927913463008	0.0	0.0	0.0	1.0	1.92
3.1383787892875312	6.202741697218851	0.8956596472700508	-0.44474014463739203	0.0	0.44474014463739203	0.8956596472700508	0.0	0.0	0.0	1.0	1.9299999999999997
3.1391599753987784	6.213049134274396	0.9215263805058681	-0.38831576073056057	0.0	0.38831576073056057	0.9215263805058681	0.0	0.0	0.0	1.0	1.94
3.1398366162501046	6.223643873209691	0.9438771939376603	-0.3302965981725643	0.0	0.3302965981725643	0.9438771939376603	0.0	0.0	0.0	1.0	1.9499999999999997
3.1404060467114556	6.234484164324566	0.9626082323686299	-0.2708973808956851	0.0	0.2708973808956851	0.9626082323686299	0.0	0.0	0.0	1.0	1.96
3.1408660240809327	6.245527298977154	0.9776282273491046	-0.2103403173199269	0.0	0.2103403173199269	0.9776282273491046	0.0	0.0	0.0	1.0	1.9699999999999998
3.141214736840871	6.256729776827187	0.9888591203833004	-0.14885442564722637	0.0	0.14885442564722637	0.9888591203833004	0.0	0.0	0.0	1.0	1.98
3.1414508117268136	6.268047475915976	0.9962366582623859	-0.08667479872600826	0.0	0.08667479872600826	0.9962366582623859	0.0	0.0	0.0	1.0	1.9899999999999998
3.1415733190841033	6.279435824963248	0.9997109539501059	-0.024041808421357995	0.0	0.024041808421357995	0.9997109539501059	0.0	0.0	0.0	1.0	2.0
3.1415817764930227	6.290849977260444	0.9992470062074243	0.03879974981233231	0.0	-0.03879974981233231	0.9992470062074243	0.0	0.0	0.0	1.0	2.01
3.1414761506496145	6.302244985540014	0.9948251709930513	0.10160157065048908	0.0	-0.10160157065048908	0.9948251709930513	0.0	0.0	0.0	1.0	2.0199999999999996
3.1412568574955135	6.31357597720024	0.9864415776250244	0.1641128085575687	0.0	-0.1641128085575687	0.9864415776250244	0.0	0.0	0.0	1.0	2.0300000000000002
3.1409247605963344	6.324798329265133	0.9741084827413947	0.2260811001637644	0.0	-0.2260811001637644	0.9741084827413947	0.0	0.0	0.0	1.0	2.04
3.140481167774357	6.33586784245898	0.9578545552606222	0.2872536352537173	0.0	-0.2872536352537173	0.9578545552606222	0.0	0.0	0.0	1.0	2.05
3.139927826007462	6.346740913775093	0.9377250858181546	0.3473782713805439	0.0	-0.3473782713805439	0.9377250858181546	0.0	0.0	0.0	1.0	2.0599999999999996
3.1392669146124716	6.357374706918412	0.9137821145465287	0.4062046862542022	0.0	-0.4062046862542022	0.9137821145465287	0.0	0.0	0.0	1.0	2.0699999999999994
3.138501036737241	6.367727320002088	0.8861044715720617	0.4634855612206245	0.0	-0.4634855612206245	0.8861044715720617	0.0	0.0	0.0	1.0	2.08
3.137633209192065	6.377757949879188	0.8547877252195132	0.5189777883629031	0.0	-0.5189777883629031	0.8547877252195132	0.0	0.0	0.0	1.0	2.09
3.1366668506571225	6.387427052492658	0.8199440336424784	0.5724436930337361	0.0	-0.5724436930337361	0.8199440336424784	0.0	0.0	0.0	1.0	2.0999999999999996
3.1356057683088414	6.396696498630008	0.7817018964252358	0.6236522629841009	0.0	-0.6236522629841009	0.7817018964252358	0.0	0.0	0.0	1.0	2.1099999999999994
3.1344541429141892	6.405529724474227	0.7402058036221518	0.6723803747017638	0.0	-0.6723803747017638	0.7402058036221518	0.0	0.0	0.0	1.0	2.12
3.13321651244793	6.41389187634975	0.6956157807028767	0.7184140071275945	0.0	-0.7184140071275945	0.6956157807028767	0.0	0.0	0.0	1.0	2.13
3.1318977542938637	6.421749949072127	0.648106828941995	0.7615494325903944	0.0	-0.7615494325903944	0.648106828941995	0.0	0.0	0.0	1.0	2.1399999999999997
3.1305030660969164	6.429072917323073	0.5978682619160034	0.8015943746019787	0.0	-0.8015943746019787	0.5978682619160034	0.0	0.0	0.0	1.0	2.1499999999999995
3.12903794533865	6.435831859488901	0.5451029399313808	0.8383691220925097	0.0	-0.8383691220925097	0.5451029399313808	0.0	0.0	0.0	1.0	2.16
3.127508167714288	6.442000073420536	0.49002640538770836	0.8717075897471591	0.0	-0.8717075897471591	0.49002640538770836	0.0	0.0	0.0	1.0	2.17
3.1259197643946504	6.447553183597472	0.432865923259764	0.9014583143332099	0.0	-0.9014583143332099	0.432865923259764	0.0	0.0	0.0	1.0	2.1799999999999997
3.1242789982614383	6.452469239206433	0.37385943204315636	0.9274853772822343	0.0	-0.9274853772822343	0.37385943204315636	0.0	0.0	0.0	1.0	2.1899999999999995
3.122592339209029	6.456728802678157	0.3132544116288614	0.949669244313543	0.0	-0.949669244313543	0.3132544116288614	0.0	0.0	0.0	1.0	2.2
3.1208664386103426	6.460315028262715	0.2513066756339436	0.9679075135475579	0.0	-0.9679075135475579	0.2513066756339436	0.0	0.0	0.0	1.0	2.21
3.1191081030483216	6.463213730264852	0.18827909669902385	0.9821155643539103	0.0	-0.9821155643539103	0.18827909669902385	0.0	0.0	0.0	1.0	2.2199999999999998
3.117324267418144	6.4654134406058965	0.12444027415028563	0.9922271000982597	0.0	-0.9922271000982597	0.12444027415028563	0.0	0.0	0.0	1.0	2.2299999999999995
3.1155219675083616	6.4669054554274465	0.06006315419775274	0.9981945789813814	0.0	-0.9981945789813814	0.06006315419775274	0.0	0.0	0.0	1.0	2.24
3.113708312171781	6.46768387050384	-0.004576386511699348	0.9999895282884195	0.0	-0.9999895282884195	-0.004576386511699348	0.0	0.0	0.0	1.0	2.25
3.1118904551989264	6.467745605284924	-0.06920098266172796	0.9976027385681393	0.0	-0.9976027385681393	-0.06920098266172796	0.0	0.0	0.0	1.0	2.26
3.11007556700846	6.467090415447249	-0.13353323567251357	0.991044335522296	0.0	-0.991044335522296	-0.13353323567251357	0.0	0.0	0.0	1.0	2.2699999999999996
3.1082708062698408	6.465720893889794	-0.1972971708638846	0.98034372868352	0.0	-0.98034372868352	-0.1972971708638846	0.0	0.0	0.0	1.0	2.2800000000000002
3.1064832915738654	6.463642460169165	-0.2602196844549034	0.9655494372750629	0.0	-0.9655494372750629	-0.2602196844549034	0.0	0.0	0.0	1.0	2.29
3.104720073266479	6.46086333842803	-0.32203196860216815	0.9467287949556686	0.0	-0.9467287949556686	-0.32203196860216815	0.0	0.0	0.0	1.0	2.3
3.1029881055604203	6.457394523928803	-0.38247090296124214	0.9239675364362171	0.0	-0.9239675364362171	-0.38247090296124214	0.0	0.0	0.0	1.0	2.3099999999999996
3.101294219037856	6.453249738361423	-0.4412804016924316	0.8973692701904642	0.0	-0.8973692701904642	-0.4412804016924316	0.0	0.0	0.0	1.0	2.3199999999999994
3.0996450936552007	6.448445374149011	-0.4982127054146229	0.867054842650361	0.0	-0.867054842650361	-0.4982127054146229	0.0	0.0	0.0	1.0	2.33
3.098047232358801	6.443000428027502	-0.5530296083286461	0.8331616003584565	0.0	-0.8331616003584565	-0.5530296083286461	0.0	0.0	0.0	1.0	2.34
3.0965069354171693	6.436936424224561	-0.6055036115709791	0.7958425575291265	0.0	-0.7958425575291265	-0.6055036115709791	0.0	0.0	0.0	1.0	2.3499999999999996
3.095030275571964	6.430277327608813	-0.6554189948038031	0.7552654773325552	0.0	-0.7552654773325552	-0.6554189948038031	0.0	0.0	0.0	1.0	2.3599999999999994
3.0936230741059685	6.423049447222202	-0.7025727990816225	0.7116118759482687	0.0	-0.7116118759482687	-0.7025727990816225	0.0	0.0	0.0	1.0	2.37
3.092290877922041	6.415281330645985	-0.7467757151385618	0.665075959029711	0.0	-0.665075959029711	-0.7467757151385618	0.0	0.0	0.0	1.0	2.38
3.0910389377222836	6.407003649684277	-0.7878528723950958	0.6158635006710472	0.0	-0.6158635006710472	-0.7878528723950958	0.0	0.0	0.0	1.0	2.3899999999999997
3.0898721873717316	6.398249077878223	-0.825644525167798	0.5641906752689567	0.0	-0.5641906752689567	-0.825644525167798	0.0	0.0	0.0	1.0	2.3999999999999995
3.0887952245255734	6.389052160388714	-0.8600066337612139	0.5102828528244954	0.0	-0.5102828528244954	-0.8600066337612139	0.0	0.0	0.0	1.0	2.41
3.0878122925934437	6.37944917680644	-0.890811339307038	0.45437336823586083	0.0	-0.45437336823586083	-0.890811339307038	0.0	0.0	0.0	1.0	2.42
3.0869272641086445	6.369477997465063	-0.917947332374097	0.396702274996349	0.0	-0.396702274996349	-0.917947332374097	0.0	0.0	0.0	1.0	2.4299999999999997
3.0861436255643238	6.359177933846849	-0.9413201164851945	0.3375150934407229	0.0	-0.3375150934407229	-0.9413201164851945	0.0	0.0	0.0	1.0	2.4399999999999995
3.0854644637726962	6.348589583680417	-0.9608521687279766	0.2770615632864726	0.0	-0.2770615632864726	-0.9608521687279766	0.0	0.0	0.0	1.0	2.45
3.0848924537973406	6.337754671338055	-0.9764830006218798	0.21559440970602706	0.0	-0.21559440970602706	-0.9764830006218798	0.0	0.0	0.0	1.0	2.46
3.0844298485025226	6.326715884145354	-0.9881691232899259	0.15336813155417692	0.0	-0.15336813155417692	-0.9881691232899259	0.0	0.0	0.0	1.0	2.4699999999999998
3.0840784697573285	6.315516705219624	-0.99588392177215	0.09063781967656963	0.0	-0.09063781967656963	-0.99588392177215	0.0	0.0	0.0	1.0	2.4799999999999995
3.0838397013262213	6.3042012434556245	-0.9996174439989858	0.027658012454524695	0.0	-0.027658012454524695	-0.9996174439989858	0.0	0.0	0.0	1.0	2.49
3.0837144834714514	6.292814061278413	-0.9993761105120769	-0.035318405085071315	0.0	0.035318405085071315	-0.9993761105120769	0.0	0.0	0.0	1.0	2.5
3.083703309286529	6.281400000783572	-0.9951823514733662	-0.09804125313326846	0.0	0.09804125313326846	-0.9951823514733662	0.0	0.0	0.0	1.0	2.51
3.08380622277379	6.27000400888529	-0.9870741778395532	-0.16026405536604346	0.0	0.16026405536604346	-0.9870741778395532	0.0	0.0	0.0	1.0	2.5199999999999996
3.08402281867285	6.258670962092721	-0.9751046937988972	-0.22174497994624148	0.0	0.22174497994624148	-0.9751046937988972	0.0	0.0	0.0	1.0	2.5300000000000002
3.0843522440405677	6.247445491535074	-0.9593415576735549	-0.28224772048765506	0.0	0.28224772048765506	-0.9593415576735549	0.0	0.0	0.0	1.0	2.54
3.084793201576918	6.2363718088558775	-0.939866398487618	-0.34154231508542837	0.0	0.34154231508542837	-0.939866398487618	0.0	0.0	0.0	1.0	2.55
3.085343954684965	6.225493533596944	-0.9167741952948296	-0.39940590236189266	0.0	0.39940590236189266	-0.9167741952948296	0.0	0.0	0.0	1.0	2.5599999999999996
3.0860023342469383	6.214853522692401	-0.8901726261578455	-0.4556234142789907	0.0	0.4556234142789907	-0.8901726261578455	0.0	0.0	0.0	1.0	2.5699999999999994
3.0867657470922034	6.204493702692816	-0.8601813933815178	-0.5099882062168013	0.0	0.5099882062168013	-0.8601813933815178	0.0	0.0	0.0	1.0	2.58
3.087631186126714	6.1944549053383815	-0.8269315312352941	-0.5623026255041426	0.0	0.5623026255041426	-0.8269315312352941	0.0	0.0	0.0	1.0	2.59
3.088595242087378	6.184776707098209	-0.7905647019645546	-0.6123785202043708	0.0	0.6123785202043708	-0.7905647019645546	0.0	0.0	0.0	1.0	2.5999999999999996
3.089654116878584	6.175497273289524	-0.7512324853982617	-0.660037690501346	0.0	0.660037690501346	-0.7512324853982617	0.0	0.0	0.0	1.0	2.6099999999999994
3.0908036384420474	6.166653207385519	-0.7090956669212246	-0.7051122854932708	0.0	0.7051122854932708	-0.7090956669212246	0.0	0.0	0.0	1.0	2.62
3.0920392771050635	6.158279406113433	-0.6643235280049148	-0.7474451485822243	0.0	0.7474451485822243	-0.6643235280049148	0.0	0.0	0.0	1.0	2.63
3.0933561633462996	6.150408920934623	-0.6170931428915772	-0.7868901149437548	0.0	0.7868901149437548	-0.6170931428915772	0.0	0.0	0.0	1.0	2.6399999999999997
3.0947491069123974	6.1430728264855	-0.5675886844134291	-0.8233122647731131	0.0	0.8233122647731131	-0.5675886844134291	0.0	0.0	0.0	1.0	2.6499999999999995
3.096212617212945	6.136300096541908	-0.5160007413118378	-0.8565881361340664	0.0	0.8565881361340664	-0.5160007413118378	0.0	0.0	0.0	1.0	2.66
3.0977409249158585	6.130117488049485	-0.46252564881087854	-0.8866059012842605	0.0	0.8866059012842605	-0.46252564881087854	0.0	0.0	0.0	1.0	2.67
3.099328004659895	6.124549433738408	-0.4073648336043674	-0.9132655103213337	0.0	0.9132655103213337	-0.4073648336043674	0.0	0.0	0.0	1.0	2.6799999999999997
3.1009675987959824	6.119617943812712	-0.3507241738444829	-0.9364788058899705	0.0	0.9364788058899705	-0.3507241738444829	0.0	0.0	0.0	1.0	2.6899999999999995
3.1026532420643087	6.115342517171694	-0.2928133741808375	-0.9561696125169598	0.0	0.9561696125169598	-0.2928133741808375	0.0	0.0	0.0	1.0	2.7
3.1043782871097103	6.111740062584126	-0.23384535539918916	-0.9722738039041405	0.0	0.9722738039041405	-0.23384535539918916	0.0	0.0	0.0	1.0	2.71
