3.0885569144009657	6.286207389817359	1.0	0.0	0.0	-0.0	1.0	0.0	0.0	0.0	1.0	0.0
3.1415921797121613	6.286813676930154	0.999951717305039	0.009826650431535256	0.0	-0.009826650431535256	0.999951717305039	0.0	0.0	0.0	1.0	0.01
3.141483856425857	6.305007132117415	0.9973514533755757	0.07273292548513907	0.0	-0.07273292548513907	0.9973514533755757	0.0	0.0	0.0	1.0	0.02
3.141193929958737	6.323122405275827	0.9907731308773807	0.13553081985818796	0.0	-0.13553081985818796	0.9907731308773807	0.0	0.0	0.0	1.0	0.03
3.140723537728548	6.341088422796321	0.9802090346647644	0.1979652705945432	0.0	-0.1979652705945432	0.9802090346647644	0.0	0.0	0.0	1.0	0.04000000000000001
3.1400745252700273	6.358834682370213	0.9656682464627953	0.2597784397779582	0.0	-0.2597784397779582	0.9656682464627953	0.0	0.0	0.0	1.0	0.05
3.139249439173325	6.37629152329149	0.9471771378179022	0.3207108816287448	0.0	-0.3207108816287448	0.9471771378179022	0.0	0.0	0.0	1.0	0.06
3.138251517330852	6.393390394274408	0.9247797749261965	0.3805027830219555	0.0	-0.3805027830219555	0.9247797749261965	0.0	0.0	0.0	1.0	0.07
3.1370846765214564	6.41006411795528	0.8985382250765431	0.4388952700545947	0.0	-0.4388952700545947	0.8985382250765431	0.0	0.0	0.0	1.0	0.07999999999999999
3.1357534973692838	6.426247151223437	0.8685327551135104	0.4956317718780093	0.0	-0.4956317718780093	0.8685327551135104	0.0	0.0	0.0	1.0	0.09
3.134263206723326	6.44187584049922	0.8348619131903487	0.550459431660636	0.0	-0.550459431660636	0.8348619131903487	0.0	0.0	0.0	1.0	0.1
3.132619657512678	6.456888671048282	0.7976424861397016	0.6031305532841759	0.0	-0.6031305532841759	0.7976424861397016	0.0	0.0	0.0	1.0	0.10999999999999999
3.1308293061417602	6.471226509393013	0.7570093260311063	0.6534040712315238	0.0	-0.6534040712315238	0.7570093260311063	0.0	0.0	0.0	1.0	0.12
3.1288991874992904	6.484832837855683	0.7131150408963141	0.7010470301252609	0.0	-0.7010470301252609	0.7131150408963141	0.0	0.0	0.0	1.0	0.13
3.1268368876645956	6.497653980245792	0.6661295461683695	0.7458360595476208	0.0	-0.7458360595476208	0.6661295461683695	0.0	0.0	0.0	1.0	0.14
3.1246505144048036	6.509639317688077	0.6162394750762744	0.7875588291408571	0.0	-0.7875588291408571	0.6162394750762744	0.0	0.0	0.0	1.0	0.14999999999999997
3.1223486655665575	6.520741493579584	0.5636474480377941	0.8260154685721582	0.0	-0.8260154685721582	0.5636474480377941	0.0	0.0	0.0	1.0	0.16000000000000003
3.119940395476023	6.530916606665789	0.5085712029688421	0.8610199367673346	0.0	-0.8610199367673346	0.5085712029688421	0.0	0.0	0.0	1.0	0.16999999999999998
3.117435179471021	6.540124391238428	0.4512425903459769	0.8924013248857562	0.0	-0.8924013248857562	0.4512425903459769	0.0	0.0	0.0	1.0	0.18
3.1148428766989786	6.548328383482736	0.39190643878360537	0.9200050778337868	0.0	-0.9200050778337868	0.39190643878360537	0.0	0.0	0.0	1.0	0.19
3.112173691323958	6.555496073039861	0.3308192987824772	0.943694119698258	0.0	-0.943694119698258	0.3308192987824772	0.0	0.0	0.0	1.0	0.2
3.109438132295121	6.561599038901945	0.2682480741333161	0.9633498693225463	0.0	-0.9633498693225463	0.2682480741333161	0.0	0.0	0.0	1.0	0.20999999999999996
3.106646971837509	6.566613068822703	0.20446855218140542	0.9788731333369202	0.0	-0.9788731333369202	0.20446855218140542	0.0	0.0	0.0	1.0	0.22000000000000003
3.103811202833815	6.57051826150492	0.13976384573833778	0.9901848652774037	0.0	-0.9901848652774037	0.13976384573833778	0.0	0.0	0.0	1.0	0.22999999999999998
3.10094199527277	6.573299110917378	0.07442276083182851	0.9972267809631712	0.0	-0.9972267809631712	0.07442276083182851	0.0	0.0	0.0	1.0	0.24
3.0980506519457602	6.574944572196165	0.008738105682592453	0.9999618220257611	0.0	-0.9999618220257611	0.008738105682592453	0.0	0.0	0.0	1.0	0.25
3.0951485635781633	6.575448108697442	-0.05699504273809672	0.9983744613637122	0.0	-0.9983744613637122	-0.05699504273809672	0.0	0.0	0.0	1.0	0.26
3.0922471635856628	6.574807719888909	-0.1224810975072958	0.9924708462989773	0.0	-0.9924708462989773	-0.1224810975072958	0.0	0.0	0.0	1.0	0.27
3.0893578826482817	6.573025949893071	-0.18742572840540012	0.9822787772988406	0.0	-0.9822787772988406	-0.18742572840540012	0.0	0.0	0.0	1.0	0.28
3.0864921032961083	6.570109876624854	-0.25153761877158604	0.9678475222589146	0.0	-0.9678475222589146	-0.25153761877158604	0.0	0.0	0.0	1.0	0.29000000000000004
3.083661114700614	6.566071081596583	-0.31453019503466567	0.9492474684777701	0.0	-0.9492474684777701	-0.31453019503466567	0.0	0.0	0.0	1.0	0.30000000000000004
3.080876067864067	6.56092560059247	-0.37612331180841735	0.926569616550353	0.0	-0.926569616550353	-0.37612331180841735	0.0	0.0	0.0	1.0	0.31000000000000005
3.078147931396912	6.5546938555400995	-0.4360448761289325	0.8999249224250343	0.0	-0.8999249224250343	-0.4360448761289325	0.0	0.0	0.0	1.0	0.32000000000000006
3.0754874480690777	6.547400568025635	-0.4940323953591186	0.8694434957694097	0.0	-0.8694434957694097	-0.4940323953591186	0.0	0.0	0.0	1.0	0.33000000000000007
3.07290509231616	6.539074655010612	-0.549834434471286	0.8352736645373425	0.0	-0.8352736645373425	-0.549834434471286	0.0	0.0	0.0	1.0	0.3400000000000001
3.0704110288753133	6.529749107409293	-0.603211969816649	0.797580917192681	0.0	-0.797580917192681	-0.603211969816649	0.0	0.0	0.0	1.0	0.3500000000000001
3.068015072718628	6.51946085227521	-0.6539396280702008	0.756546735396702	0.0	-0.756546735396702	-0.6539396280702008	0.0	0.0	0.0	1.0	0.36
3.0657266504438856	6.508250599422602	-0.7018068007669483	0.7123673310850666	0.0	-0.7123673310850666	-0.7018068007669483	0.0	0.0	0.0	1.0	0.37
3.0635547632739777	6.496162673372132	-0.7466186266845986	0.6652523027300274	0.0	-0.6652523027300274	-0.7466186266845986	0.0	0.0	0.0	1.0	0.38
3.0615079518071138	6.48324483156038	-0.7881968362407199	0.6154232261948843	0.0	-0.6154232261948843	-0.7881968362407199	0.0	0.0	0.0	1.0	0.39
3.0595942626503367	6.46954806978908	-0.8263804540209011	0.5631121959363067	0.0	-0.5631121959363067	-0.8263804540209011	0.0	0.0	0.0	1.0	0.4
3.057821217058975	6.45512641591359	-0.8610263575008363	0.5085603323980763	0.0	-0.5085603323980763	-0.8610263575008363	0.0	0.0	0.0	1.0	0.41000000000000003
3.0561957816945773	6.440036712781351	-0.8920096919333569	0.4520162712745611	0.0	-0.4520162712745611	-0.8920096919333569	0.0	0.0	0.0	1.0	0.42000000000000004
3.0547243416037517	6.4243383914314585	-0.9192241432072743	0.39373464991647944	0.0	-0.39373464991647944	-0.9192241432072743	0.0	0.0	0.0	1.0	0.43000000000000005
3.0534126755102475	6.4080932355573585	-0.94258207221764	0.33397460552248537	0.0	-0.33397460552248537	-0.94258207221764	0.0	0.0	0.0	1.0	0.44000000000000006
3.052265933502663	6.391365138217844	-0.9620145158894036	0.2729982989289066	0.0	-0.2729982989289066	-0.9620145158894036	0.0	0.0	0.0	1.0	0.45000000000000007
3.051288617190409	6.374219851758812	-0.9774710614452904	0.211069476800928	0.0	-0.211069476800928	-0.9774710614452904	0.0	0.0	0.0	1.0	0.4600000000000001
3.0504845623910652	6.35672473188164	-0.9889196017852793	0.14845208386831332	0.0	-0.14845208386831332	-0.9889196017852793	0.0	0.0	0.0	1.0	0.4700000000000001
3.0498569244030236	6.338948476765509	-0.9963459809351034	0.08540893556570434	0.0	-0.08540893556570434	-0.9963459809351034	0.0	0.0	0.0	1.0	0.48
3.0494081659083885	6.320960862122465	-0.9997535394151351	0.022200460060771685	0.0	-0.022200460060771685	-0.9997535394151351	0.0	0.0	0.0	1.0	0.49
3.0491400475424513	6.302832473037195	-0.9991625700737	-0.04091648278772866	0.0	0.04091648278772866	-0.9991625700737	0.0	0.0	0.0	1.0	0.5
3.0490536211576287	6.284634433420109	-0.9946096954194522	-0.10368969947697129	0.0	0.10368969947697129	-0.9946096954194522	0.0	0.0	0.0	1.0	0.51
3.0491492258015906	6.266438133883598	-0.9861471777790369	-0.16587267333241065	0.0	0.16587267333241065	-0.9861471777790369	0.0	0.0	0.0	1.0	0.52
3.0494264864212575	6.248314958838321	-0.9738421737055671	-0.227225484293501	0.0	0.227225484293501	-0.9738421737055671	0.0	0.0	0.0	1.0	0.53
3.0498843152964095	6.230336013599925	-0.9577759439802649	-0.28751563632733523	0.0	0.28751563632733523	-0.9577759439802649	0.0	0.0	0.0	1.0	0.54
3.0505209161987703	6.2125718522968665	-0.9380430302964682	-0.3465187921487368	0.0	0.3465187921487368	-0.9380430302964682	0.0	0.0	0.0	1.0	0.55
3.051333791264477	6.195092207377137	-0.9147504093067176	-0.4040194162081726	0.0	0.4040194162081726	-0.9147504093067176	0.0	0.0	0.0	1.0	0.56
3.0523197505598105	6.177965721525239	-0.8880166341661431	-0.45981132809472475	0.0	0.45981132809472475	-0.8880166341661431	0.0	0.0	0.0	1.0	0.5700000000000001
3.05347492431187	6.161259682820006	-0.857970973036349	-0.5136981695772924	0.0	0.5136981695772924	-0.857970973036349	0.0	0.0	0.0	1.0	0.5800000000000001
3.054794777767453	6.145039763987721	-0.8247525532416924	-0.5654937894630757	0.0	0.5654937894630757	-0.8247525532416924	0.0	0.0	0.0	1.0	0.5900000000000001
3.056274128634722	6.1293697666321325	-0.7885095189127644	-0.6150225512808134	0.0	0.6150225512808134	-0.7885095189127644	0.0	0.0	0.0	1.0	0.6000000000000001
3.057907167053309	6.114311371351779	-0.7493982090284946	-0.6621195694924631	0.0	0.6621195694924631	-0.7493982090284946	0.0	0.0	0.0	1.0	0.6100000000000001
3.0596874780292462	6.099923894683689	-0.7075823617966595	-0.7066308804986244	0.0	0.7066308804986244	-0.7075823617966595	0.0	0.0	0.0	1.0	0.6200000000000001
3.061608066261606	6.0862640538391615	-0.6632323503100813	-0.7484135551298932	0.0	0.7484135551298932	-0.6632323503100813	0.0	0.0	0.0	1.0	0.6300000000000001
3.063661383277975	6.073385740219934	-0.6165244533989639	-0.7873357596102878	0.0	0.7873357596102878	-0.6165244533989639	0.0	0.0	0.0	1.0	0.6400000000000001
3.0658393567859115	6.061339802719631	-0.5676401645840704	-0.8232767721434691	0.0	0.8232767721434691	-0.5676401645840704	0.0	0.0	0.0	1.0	0.6500000000000001
3.06813342213746	6.050173841824165	-0.5167655410350894	-0.8561269623126649	0.0	0.8561269623126649	-0.5167655410350894	0.0	0.0	0.0	1.0	0.6600000000000001
3.0705345557936594	6.03993201552391	-0.4640905934665615	-0.8857877404072914	0.0	0.8857877404072914	-0.4640905934665615	0.0	0.0	0.0	1.0	0.6700000000000002
3.0730333106659162	6.030654858038599	-0.4098087169718977	-0.9121714836004506	0.0	0.9121714836004506	-0.4098087169718977	0.0	0.0	0.0	1.0	0.6800000000000002
3.0756198532012315	6.022379112331758	-0.3541161619147371	-0.9352014456098621	0.0	0.9352014456098621	-0.3541161619147371	0.0	0.0	0.0	1.0	0.6900000000000002
3.078284002068682	6.015137577354221	-0.29721154317533544	-0.9548116560889566	0.0	0.9548116560889566	-0.29721154317533544	0.0	0.0	0.0	1.0	0.7000000000000002
3.0810152682954164	6.008958970905402	-0.23929538529581051	-0.9709468155239656	0.0	0.9709468155239656	-0.23929538529581051	0.0	0.0	0.0	1.0	0.71
3.0838028966918616	6.003867808936494	-0.18056970038866396	-0.9835621908662148	0.0	0.9835621908662148	-0.18056970038866396	0.0	0.0	0.0	1.0	0.72
3.0866359083979886	5.999884302041826	-0.12123759507380015	-0.9926235165160663	0.0	0.9926235165160663	-0.12123759507380015	0.0	0.0	0.0	1.0	0.73
3.089503144375459	5.997024269794175	-0.061502902194902044	-0.9981069046057163	0.0	0.9981069046057163	-0.061502902194902044	0.0	0.0	0.0	1.0	0.74
3.0923933096644425	5.9952990734779155	-0.0015698326403898145	-0.9999987678119815	0.0	0.9999987678119815	-0.0015698326403898145	0.0	0.0	0.0	1.0	0.75
3.095295018218901	5.9947155676620385	0.058357357739909875	-0.9982957571770082	0.0	0.9982957571770082	0.058357357739909875	0.0	0.0	0.0	1.0	0.76
3.0981968381303155	5.995276070935194	0.11807469137159263	-0.9930047166340668	0.0	0.9930047166340668	0.11807469137159263	0.0	0.0	0.0	1.0	0.77
3.101087337047245	5.996978355999003	0.17737878774040305	-0.9841426551368176	0.0	0.9841426551368176	0.17737878774040305	0.0	0.0	0.0	1.0	0.78
3.1039551275967843	5.999815659186351	0.2360671831685597	-0.9717367364831184	0.0	0.9717367364831184	0.2360671831685597	0.0	0.0	0.0	1.0	0.79
3.1067889126139803	6.003776709340552	0.2939386569797028	-0.9558242861179919	0.0	0.9558242861179919	0.2939386569797028	0.0	0.0	0.0	1.0	0.8
3.109577529986549	6.008845775861658	0.3507935693073779	-0.9364528134041725	0.0	0.9364528134041725	0.3507935693073779	0.0	0.0	0.0	1.0	0.81
3.1123099969248145	6.015002735600232	0.4064342155656162	-0.9136800470720384	0.0	0.9136800470720384	0.4064342155656162	0.0	0.0	0.0	1.0	0.8200000000000001
3.1149755534705723	6.022223158158841	0.4606652022713964	-0.8875739808130101	0.0	0.8875739808130101	0.4606652022713964	0.0	0.0	0.0	1.0	0.8300000000000001
3.1175637050635663	6.030478409049512	0.5132938484901092	-0.8582129252710033	0.0	0.8582129252710033	0.5132938484901092	0.0	0.0	0.0	1.0	0.8400000000000001
3.12006426399026	6.039735770053303	0.5641306166698254	-0.8256855620245048	0.0	0.8256855620245048	0.5641306166698254	0.0	0.0	0.0	1.0	0.8500000000000001
3.1224673895466175	6.049958576037385	0.6129895760422148	-0.7900909945465684	0.0	0.7900909945465684	0.6129895760422148	0.0	0.0	0.0	1.0	0.8600000000000001
3.1247636267544148	6.0611063674069205	0.6596889011022741	-0.7515387905906614	0.0	0.7515387905906614	0.6596889011022741	0.0	0.0	0.0	1.0	0.8700000000000001
3.126943943479176	6.073135057304197	0.7040514069413496	-0.7101490099858664	0.0	0.7101490099858664	0.7040514069413496	0.0	0.0	0.0	1.0	0.8800000000000001
3.128999765806945	6.085997112616352	0.745905122405092	-0.6660522114443016	0.0	0.6660522114443016	0.745905122405092	0.0	0.0	0.0	1.0	0.8900000000000001
3.130923011546693	6.099641747815481	0.7850839011877625	-0.6193894316952813	0.0	0.6193894316952813	0.7850839011877625	0.0	0.0	0.0	1.0	0.9000000000000001
3.132706121735032	6.114015130630548	0.8214280700656774	-0.570312130072802	0.0	0.570312130072802	0.8214280700656774	0.0	0.0	0.0	1.0	0.9100000000000001
3.134342090029971	6.1290605985383975	0.8547851125256268	-0.5189820916029296	0.0	0.5189820916029296	0.8547851125256268	0.0	0.0	0.0	1.0	0.9200000000000002
3.135824489890594	6.144718885060119	0.8850103850701192	-0.46557128167235495	0.0	0.46557128167235495	0.8850103850701192	0.0	0.0	0.0	1.0	0.9300000000000002
3.137147499449603	6.160928354857627	0.9119678624927694	-0.4102616455146268	0.0	0.4102616455146268	0.9119678624927694	0.0	0.0	0.0	1.0	0.9400000000000002
3.138305923995673	6.177625246641762	0.9355309074277035	-0.35324484603104656	0.0	0.35324484603104656	0.9355309074277035	0.0	0.0	0.0	1.0	0.9500000000000002
3.139295215992282	6.19474392292572	0.955583058501246	-0.29472193387225915	0.0	0.29472193387225915	0.955583058501246	0.0	0.0	0.0	1.0	0.96
3.1401114925692544	6.2122171256842025	0.9720188304681147	-0.234902944245913	0.0	0.234902944245913	0.9720188304681147	0.0	0.0	0.0	1.0	0.97
3.1407515504324643	6.229976237007318	0.9847445188144747	-0.17400641558531338	0.0	0.17400641558531338	0.9847445188144747	0.0	0.0	0.0	1.0	0.98
3.1412128781461166	6.247951543867096	0.9936790004737501	-0.11225882601153943	0.0	0.11225882601153943	0.9936790004737501	0.0	0.0	0.0	1.0	0.99
3.1414936657507067	6.2660725061416445	0.9987545215456837	-0.04989394444271294	0.0	0.04989394444271294	0.9987545215456837	0.0	0.0	0.0	1.0	1.0
-3.141592495491427	6.284268027065985	0.9999174622525772	0.012847905757983794	0.0	-0.012847905757983794	0.9999174622525772	0.0	0.0	0.0	1.0	1.0100000000000002
3.1415099270138853	6.302466725297881	0.9971290688264473	0.07572067155871212	0.0	-0.07572067155871212	0.9971290688264473	0.0	0.0	0.0	1.0	1.02
3.1412453368835003	6.3205972078007004	0.9903661416139293	0.13847348318266023	0.0	-0.13847348318266023	0.9903661416139293	0.0	0.0	0.0	1.0	1.0300000000000002
3.140800079309911	6.338588342752568	0.979621668428019	0.20085165358120535	0.0	-0.20085165358120535	0.979621668428019	0.0	0.0	0.0	1.0	1.04
3.140175901194365	6.356369531691547	0.964905392081537	0.2625977614755603	0.0	-0.2625977614755603	0.964905392081537	0.0	0.0	0.0	1.0	1.0500000000000003
3.139375251642992	6.373870980100166	0.9462443011189531	0.32345281356003724	0.0	-0.32345281356003724	0.9462443011189531	0.0	0.0	0.0	1.0	1.06
3.1384012725883896	6.391023965619811	0.9236830330308147	0.3831574800144126	0.0	-0.3831574800144126	0.9236830330308147	0.0	0.0	0.0	1.0	1.0700000000000003
3.137257786744004	6.407761103066843	0.8972841796956055	0.441453396031772	0.0	-0.441453396031772	0.8972841796956055	0.0	0.0	0.0	1.0	1.08
3.1359492829274442	6.424016605398976	0.8671284854509741	0.49808452065839176	0.0	-0.49808452065839176	0.8671284854509741	0.0	0.0	0.0	1.0	1.0900000000000003
3.1344808987975306	6.439726539753749	0.8333149290499884	0.552798542891	0.0	-0.552798542891	0.8333149290499884	0.0	0.0	0.0	1.0	1.1
3.1328584010588076	6.45482907765233	0.79596068180409	0.6053483237128591	0.0	-0.6053483237128591	0.79596068180409	0.0	0.0	0.0	1.0	1.1100000000000003
3.1310881631964684	6.469264738433415	0.7552009354444655	0.6554933616016292	0.0	-0.6554933616016292	0.7552009354444655	0.0	0.0	0.0	1.0	1.12
3.1291771408141345	6.482976624955242	0.711188594634549	0.703001268037075	0.0	-0.703001268037075	0.711188594634549	0.0	0.0	0.0	1.0	1.1300000000000003
3.127132844656697	6.495910650581001	0.6640938306211469	0.7476492387014994	0.0	-0.7476492387014994	0.6640938306211469	0.0	0.0	0.0	1.0	1.1400000000000001
3.1249633114103488	6.508015756445877	0.6141034941983633	0.7892255054250089	0.0	-0.7892255054250089	0.6141034941983633	0.0	0.0	0.0	1.0	1.1500000000000004
3.1226770723820465	6.519244117994736	0.5614203879514906	0.8275307535024894	0.0	-0.8275307535024894	0.5614203879514906	0.0	0.0	0.0	1.0	1.1599999999999997
3.120283120170751	6.529551339779552	0.5062623996176372	0.8623794888176504	0.0	-0.8623794888176504	0.5062623996176372	0.0	0.0	0.0	1.0	1.17
3.117790873452883	6.538896637516779	0.44886150031371486	0.8936013392649549	0.0	-0.8936013392649549	0.44886150031371486	0.0	0.0	0.0	1.0	1.1800000000000002
3.115210140014327	6.547243006428074	0.38946261330501036	0.9210422752716793	0.0	-0.9210422752716793	0.38946261330501036	0.0	0.0	0.0	1.0	1.19
3.112551078170918	6.554557374924	0.3283223608825451	0.9445657347927204	0.0	-0.9445657347927204	0.3283223608825451	0.0	0.0	0.0	1.0	1.2000000000000002
3.109824156728547	6.5608107427401725	0.26570769874671774	0.9640536389779998	0.0	-0.9640536389779998	0.26570769874671774	0.0	0.0	0.0	1.0	1.21
3.107040113642598	6.565978302698707	0.20189444902104364	0.9794072857879347	0.0	-0.9794072857879347	0.20189444902104364	0.0	0.0	0.0	1.0	1.2200000000000002
3.1042099135443575	6.5700395453446445	0.1371657446068016	0.9905481101422897	0.0	-0.9905481101422897	0.1371657446068016	0.0	0.0	0.0	1.0	1.23
3.1013447043091094	6.572978345796424	0.07181039900261925	0.9974183007119354	0.0	-0.9974183007119354	0.07181039900261925	0.0	0.0	0.0	1.0	1.2400000000000002
3.098455772846742	6.5747830322503855	0.0061212169216505715	0.9999812651762022	0.0	-0.9999812651762022	0.0061212169216505715	0.0	0.0	0.0	1.0	1.25
3.0955545003007585	6.57544643569021	-0.059606737984420226	0.9982219376405513	0.0	-0.9982219376405513	-0.059606737984420226	0.0	0.0	0.0	1.0	1.2600000000000002
3.0926523168454807	6.574965920471318	-0.12507790126268709	0.9921469239057901	0.0	-0.9921469239057901	-0.12507790126268709	0.0	0.0	0.0	1.0	1.27
3.0897606562739277	6.57334339557548	-0.18999797417422853	0.981784482363461	0.0	-0.981784482363461	-0.18999797417422853	0.0	0.0	0.0	1.0	1.2800000000000002
3.086890910570246	6.5705853064599635	-0.2540756809336699	0.9671843404222857	0.0	-0.9671843404222857	-0.2540756809336699	0.0	0.0	0.0	1.0	1.29
3.084054384660668	6.566702607556015	-0.3170244991355667	0.9484173485063646	0.0	-0.9484173485063646	-0.3170244991355667	0.0	0.0	0.0	1.0	1.3000000000000003
3.081262251535798	6.561710715600958	-0.37856434622967927	0.9255749757657105	0.0	-0.9255749757657105	-0.37856434622967927	0.0	0.0	0.0	1.0	1.31
3.078525507934515	6.555629444114164	-0.438423205582126	0.8987686536629396	0.0	-0.8987686536629396	-0.438423205582126	0.0	0.0	0.0	1.0	1.3200000000000003
3.0758549307760874	6.548482919447422	-0.49633867659442793	0.8681289755079552	0.0	-0.8681289755079552	-0.49633867659442793	0.0	0.0	0.0	1.0	1.33
3.073261034522212	6.540299478952574	-0.5520594345273213	0.833804761769429	0.0	-0.833804761769429	-0.5520594345273213	0.0	0.0	0.0	1.0	1.3400000000000003
3.0707540296447178	6.531111551911921	-0.6053465870648027	0.7959620025660742	0.0	-0.7959620025660742	-0.6053465870648027	0.0	0.0	0.0	1.0	1.35
3.0683437823677595	6.520955523968241	-0.6559749162263637	0.7547826901047844	0.0	-0.7547826901047844	-0.6559749162263637	0.0	0.0	0.0	1.0	1.3600000000000003
3.0660397758455384	6.509871585870122	-0.7037339959577659	0.710463554964866	0.0	-0.710463554964866	-0.7037339959577659	0.0	0.0	0.0	1.0	1.37
3.0638510729280752	6.497903567413913	-0.7484291775671129	0.6632147210113895	0.0	-0.6632147210113895	-0.7484291775671129	0.0	0.0	0.0	1.0	1.3800000000000003
3.061786280658469	6.48509875751562	-0.7898824370853194	0.6132582943459929	0.0	-0.6132582943459929	-0.7898824370853194	0.0	0.0	0.0	1.0	1.3900000000000001
3.059853516635531	6.471507711384395	-0.8279330805803847	0.560826902065757	0.0	-0.560826902065757	-0.8279330805803847	0.0	0.0	0.0	1.0	1.4000000000000004
3.05806037736581	6.457184045794591	-0.8624383054050577	0.5061621967018599	0.0	-0.5061621967018599	-0.8624383054050577	0.0	0.0	0.0	1.0	1.4099999999999997
3.056413908718975	6.442184223466235	-0.8932736172714179	0.4495133420565361	0.0	-0.4495133420565361	-0.8932736172714179	0.0	0.0	0.0	1.0	1.42
3.0549205785903957	6.426567327565624	-0.9203331048891671	0.39113549576210205	0.0	-0.39113549576210205	-0.9203331048891671	0.0	0.0	0.0	1.0	1.4300000000000002
3.053586251864652	6.410394827329802	-0.943529575646198	0.3312883032660609	0.0	-0.3312883032660609	-0.943529575646198	0.0	0.0	0.0	1.0	1.44
3.0524161677637487	6.393730335802871	-0.9627945574223999	0.27023441712299545	0.0	-0.27023441712299545	-0.9627945574223999	0.0	0.0	0.0	1.0	1.4500000000000002
3.0514149196540052	6.37663936065004	-0.9780781730875078	0.20823805447084637	0.0	-0.20823805447084637	-0.9780781730875078	0.0	0.0	0.0	1.0	1.46
3.0505864373760754	6.359189048989145	-0.989348895521827	0.14556360441312616	0.0	-0.14556360441312616	-0.989348895521827	0.0	0.0	0.0	1.0	1.4700000000000002
3.0499339721532577	6.341447927151026	-0.9965931921004063	0.08247429574796435	0.0	-0.08247429574796435	-0.9965931921004063	0.0	0.0	0.0	1.0	1.48
3.0494600841243127	6.323485636251422	-0.9998150684868234	0.019230934108579373	0.0	-0.019230934108579373	-0.9998150684868234	0.0	0.0	0.0	1.0	1.4900000000000002
3.0491666325382734	6.3053726644300045	-0.9990355222867109	-0.043909283862513984	0.0	0.043909283862513984	-0.9990355222867109	0.0	0.0	0.0	1.0	1.5
3.049054768640327	6.287180076588111	-0.9942919176124606	-0.10669387316306378	0.0	0.10669387316306378	-0.9942919176124606	0.0	0.0	0.0	1.0	1.5100000000000002
3.049124931269613	6.268979242437348	-0.985637291912062	-0.16887607525122283	0.0	0.16887607525122283	-0.985637291912062	0.0	0.0	0.0	1.0	1.52
3.0493768451817296	6.250841563657379	-0.9731396065232951	-0.23021578185625446	0.0	0.23021578185625446	-0.9731396065232951	0.0	0.0	0.0	1.0	1.5300000000000002
3.04980952210081	6.232838200953776	-0.9568809523392193	-0.29048036603252314	0.0	0.29048036603252314	-0.9568809523392193	0.0	0.0	0.0	1.0	1.54
3.050421264498124	6.215039801806165	-0.9369567217244564	-0.34944542008067525	0.0	0.34944542008067525	-0.9369567217244564	0.0	0.0	0.0	1.0	1.5500000000000003
3.0512096720862343	6.197516229703065	-0.9134747574187888	-0.40689540125035195	0.0	0.40689540125035195	-0.9134747574187888	0.0	0.0	0.0	1.0	1.56
3.0521716510097163	6.18033629567251	-0.8865544886213508	-0.4626241873328019	0.0	0.4626241873328019	-0.8865544886213508	0.0	0.0	0.0	1.0	1.5700000000000003
3.0533034257052836	6.1635674929360675	-0.8563260637827461	-0.516435545335861	0.0	0.516435545335861	-0.8563260637827461	0.0	0.0	0.0	1.0	1.58
3.0546005533957614	6.1472757355371055	-0.8229294888619816	-0.5681435173979877	0.0	0.5681435173979877	-0.8229294888619816	0.0	0.0	0.0	1.0	1.5900000000000003
3.05605794117374	6.131525101821018	-0.7865137789488501	-0.6175727289344951	0.0	0.6175727289344951	-0.7865137789488501	0.0	0.0	0.0	1.0	1.6
3.0576698656217993	6.116377583673716	-0.7472361302287667	-0.6645586247132284	0.0	0.6645586247132284	-0.7472361302287667	0.0	0.0	0.0	1.0	1.6100000000000003
3.059429994907029	6.101892842453558	-0.7052611182943549	-0.7089476391259062	0.0	0.7089476391259062	-0.7052611182943549	0.0	0.0	0.0	1.0	1.62
3.0613314132780536	6.0881279725788655	-0.6607599278036438	-0.7505973073552313	0.0	0.7505973073552313	-0.6607599278036438	0.0	0.0	0.0	1.0	1.6300000000000003
3.063366647883077	6.075137273756513	-0.6139096174653832	-0.7893763244381649	0.0	0.7893763244381649	-0.6139096174653832	0.0	0.0	0.0	1.0	1.6400000000000001
3.065527697817495	6.062972032854583	-0.5648924233130637	-0.8251645593961816	0.0	0.8251645593961816	-0.5648924233130637	0.0	0.0	0.0	1.0	1.6500000000000004
3.0678060652995547	6.051680316432072	-0.5138951022253592	-0.8578530316486546	0.0	0.8578530316486546	-0.5138951022253592	0.0	0.0	0.0	1.0	1.6600000000000001
3.0701927888624367	6.04130677493922	-0.4611083166747728	-0.8873438568522112	0.0	0.8873438568522112	-0.4611083166747728	0.0	0.0	0.0	1.0	1.67
3.0726784784410017	6.031892459591793	-0.40672606075032836	-0.9135501691240172	0.0	0.9135501691240172	-0.40672606075032836	0.0	0.0	0.0	1.0	1.6800000000000002
3.0752533522215764	6.023474652900268	-0.35094512661452804	-0.9363960263187328	0.0	0.9363960263187328	-0.35094512661452804	0.0	0.0	0.0	1.0	1.69
3.0779072751134886	6.0160867137994885	-0.2939646097288492	-0.9558163046459113	0.0	0.9558163046459113	-0.2939646097288492	0.0	0.0	0.0	1.0	1.7000000000000002
3.08062979869186	6.009757938275413	-0.23598545042381006	-0.9717565884460324	0.0	0.9717565884460324	-0.23598545042381006	0.0	0.0	0.0	1.0	1.71
3.0834102024525114	6.004513436322947	-0.17721000870577466	-0.9841730603986777	0.0	0.9841730603986777	-0.17721000870577466	0.0	0.0	0.0	1.0	1.7200000000000002
3.086237536211873	6.0003740259927625	-0.11784166858919226	-0.9930323968250557	0.0	0.9930323968250557	-0.11784166858919226	0.0	0.0	0.0	1.0	1.73
3.089100663477658	5.997356145196279	-0.05808446772429344	-0.9983116720790084	0.0	0.9983116720790084	-0.05808446772429344	0.0	0.0	0.0	1.0	1.7400000000000002
3.0919883056098594	5.995471781837551	0.0018572523394912344	-0.9999982753053864	0.0	0.9999982753053864	0.0018572523394912344	0.0	0.0	0.0	1.0	1.75
3.094889086586506	5.994728422730273	0.06177918025237109	-0.9980898420920559	0.0	0.9980898420920559	0.06177918025237109	0.0	0.0	0.0	1.0	1.7600000000000002
3.0977915781846113	5.995129021639216	0.1214773585675392	-0.9925942027613568	0.0	0.9925942027613568	0.1214773585675392	0.0	0.0	0.0	1.0	1.77
3.1006843453839856	5.996671986660237	0.18074850244048093	-0.9835293482481973	0.0	0.9835293482481973	0.18074850244048093	0.0	0.0	0.0	1.0	1.7800000000000002
3.1035559918000994	5.999351187023792	0.23939031876881844	-0.9709234137045843	0.0	0.9709234137045843	0.23939031876881844	0.0	0.0	0.0	1.0	1.79
3.1063952049519585	6.003155979276122	0.2972018311745393	-0.9548146791637112	0.0	0.9548146791637112	0.2972018311745393	0.0	0.0	0.0	1.0	1.8000000000000003
3.1091908011720983	6.008071252662355	0.3539837160921304	-0.9352515858001023	0.0	0.9352515858001023	0.3539837160921304	0.0	0.0	0.0	1.0	1.81
3.1119317699681663	6.0140774934091334	0.4095386549937536	-0.9122927655450894	0.0	0.9122927655450894	0.4095386549937536	0.0	0.0	0.0	1.0	1.8200000000000003
3.1146073176492064	6.021150867483359	0.46367170745766484	-0.8860070810683703	0.0	0.8860070810683703	0.46367170745766484	0.0	0.0	0.0	1.0	1.83
3.1172069100345587	6.029263321290445	0.516190709371464	-0.8564736724258281	0.0	0.8564736724258281	0.516190709371464	0.0	0.0	0.0	1.0	1.8400000000000003
3.119720314069172	6.038382699671788	0.5669067000603814	-0.823782006010479	0.0	0.823782006010479	0.5669067000603814	0.0	0.0	0.0	1.0	1.85
3.122137638175992	6.048472880468861	0.6156343815470096	-0.7880319208364793	0.0	0.7880319208364793	0.6156343815470096	0.0	0.0	0.0	1.0	1.8600000000000003
3.124449371183822	6.059493924841308	0.6621926124872195	-0.7493336666448073	0.0	0.7493336666448073	0.6621926124872195	0.0	0.0	0.0	1.0	1.87
3.126646419677505	6.0714022424597776	0.7064049385935185	-0.7078079278523853	0.0	0.7078079278523853	0.7064049385935185	0.0	0.0	0.0	1.0	1.8800000000000003
3.1287201436263365	6.084150770641112	0.7481001605582686	-0.6635858269829856	0.0	0.6635858269829856	0.7481001605582686	0.0	0.0	0.0	1.0	1.8900000000000001
3.1306623901561506	6.097689166454171	0.7871129396330416	-0.6168089009265607	0.0	0.6168089009265607	0.7871129396330416	0.0	0.0	0.0	1.0	1.9000000000000004
3.132465525340345	6.11196401079833	0.8232844401155482	-0.5676290431819256	0.0	0.5676290431819256	0.8232844401155482	0.0	0.0	0.0	1.0	1.9100000000000001
3.1341224638951815	6.126919023442947	0.8564630070523279	-0.5162084051532714	0.0	0.5162084051532714	0.8564630070523279	0.0	0.0	0.0	1.0	1.92
3.135626696674814	6.1424952880136106	0.8865048764946986	-0.4627192496007912	0.0	0.4627192496007912	0.8865048764946986	0.0	0.0	0.0	1.0	1.9300000000000002
3.1369723158715894	6.158631485918274	0.9132749146598929	-0.407343749495393	0.0	0.407343749495393	0.9132749146598929	0.0	0.0	0.0	1.0	1.94
3.1381540378371744	6.175264138221903	0.9366473813623079	-0.3502737258018813	0.0	0.3502737258018813	0.9366473813623079	0.0	0.0	0.0	1.0	1.9500000000000002
3.1391672234498413	6.192327854499999	0.9565067121059802	-0.29171031811749076	0.0	0.29171031811749076	0.9565067121059802	0.0	0.0	0.0	1.0	1.96
3.1400078959628117	6.209755587727511	0.9727483122845078	-0.23186358262487453	0.0	0.23186358262487453	0.9727483122845078	0.0	0.0	0.0	1.0	1.9700000000000002
3.1406727562778443	6.227478894288092	0.9852793560350078	-0.17095201248081404	0.0	0.17095201248081404	0.9852793560350078	0.0	0.0	0.0	1.0	1.98
3.141159195597249	6.2454281982176125	0.9940195814556222	-0.1092019765516625	0.0	0.1092019765516625	0.9940195814556222	0.0	0.0	0.0	1.0	1.9900000000000002
3.1414653054162183	6.263533058823312	0.9989020731389847	-0.04684707331988383	0.0	0.04684707331988383	0.9989020731389847	0.0	0.0	0.0	1.0	2.0
3.1415898848258363	6.281722440844514	0.9998740223147647	0.01587260218405875	0.0	-0.01587260218405875	0.9998740223147647	0.0	0.0	0.0	1.0	2.01
3.1415324451053417	6.299924986340847	0.996897454350276	0.07871127943274328	0.0	-0.07871127943274328	0.996897454350276	0.0	0.0	0.0	1.0	2.0199999999999996
3.1412932115902934	6.318069287508469	0.9899499129461613	0.14141842121126783	0.0	-0.14141842121126783	0.9899499129461613	0.0	0.0	0.0	1.0	2.0300000000000002
3.14087312281123	6.336084159632948	0.9790250901001594	0.20373971864703994	0.0	-0.20373971864703994	0.9790250901001594	0.0	0.0	0.0	1.0	2.04
3.1402738269053114	6.353898913388877	0.9641333908103435	0.2654181695448703	0.0	-0.2654181695448703	0.9641333908103435	0.0	0.0	0.0	1.0	2.05
3.1394976753113633	6.3714436256908416	0.9453024215625069	0.3261952356918484	0.0	-0.3261952356918484	0.9453024215625069	0.0	0.0	0.0	1.0	2.0599999999999996
3.1385477137667466	6.388649408288423	0.9225773919045382	0.38581207335517653	0.0	-0.38581207335517653	0.9225773919045382	0.0	0.0	0.0	1.0	2.0699999999999994
3.137427670632639	6.405448673280001	0.896021418860929	0.44401082975806777	0.0	-0.44401082975806777	0.896021418860929	0.0	0.0	0.0	1.0	2.08
3.1361419425826873	6.421775394697414	0.8657157245868281	0.5005359969104153	0.0	-0.5005359969104153	0.8657157245868281	0.0	0.0	0.0	1.0	2.09
3.134695577698601	6.4375653652871545	0.8317597185033879	0.5551358128198584	0.0	-0.5551358128198584	0.8317597185033879	0.0	0.0	0.0	1.0	2.0999999999999996
3.1330942560251493	6.452756447585422	0.7942709561908119	0.6075636988429555	0.0	-0.6075636988429555	0.7942709561908119	0.0	0.0	0.0	1.0	2.1099999999999994
3.131344267646206	6.4672888183556685	0.7533849685340696	0.6575797207844225	0.0	-0.6575797207844225	0.7533849685340696	0.0	0.0	0.0	1.0	2.12
3.1294524883529444	6.481105205430242	0.7092549560064327	0.7049520603419166	0.0	-0.7049520603419166	0.7092549560064327	0.0	0.0	0.0	1.0	2.13
3.1274263529849997	6.494151115974252	0.6620513445204029	0.7494584826517923	0.0	-0.7494584826517923	0.6620513445204029	0.0	0.0	0.0	1.0	2.1399999999999997
3.1252738265353504	6.506375055171886	0.6119612009532459	0.790887785041507	0.0	-0.790887785041507	0.6119612009532459	0.0	0.0	0.0	1.0	2.1499999999999995
3.1230033731197158	6.517728734324919	0.5591875082392603	0.829041211659087	0.0	-0.829041211659087	0.5591875082392603	0.0	0.0	0.0	1.0	2.16
3.120623922921429	6.5281672673519004	0.5039483017844053	0.8637338184467561	0.0	-0.8637338184467561	0.5039483017844053	0.0	0.0	0.0	1.0	2.17
3.1181448372327982	6.5376493546859535	0.4464756708680683	0.8947957729688425	0.0	-0.8947957729688425	0.4464756708680683	0.0	0.0	0.0	1.0	2.1799999999999997
3.1155758717239346	6.54613745359057	0.3870146306171839	0.9220735739019119	0.0	-0.9220735739019119	0.3870146306171839	0.0	0.0	0.0	1.0	2.1899999999999995
3.112927138079661	6.553597933947194	0.32582187203230345	0.9454311755518564	0.0	-0.9454311755518564	0.32582187203230345	0.0	0.0	0.0	1.0	2.2
3.110209064154373	6.560001218616229	0.26316439937667546	0.9647510035759039	0.0	-0.9647510035759039	0.26316439937667546	0.0	0.0	0.0	1.0	2.21
3.107432352803413	6.565321907534672	0.19931806596978766	0.9799348491497093	0.0	-0.9799348491497093	0.19931806596978766	0.0	0.0	0.0	1.0	2.2199999999999998
3.1046079395575354	6.569538884788537	0.13456602102032847	0.9909046301167215	0.0	-0.9909046301167215	0.13456602102032847	0.0	0.0	0.0	1.0	2.2299999999999995
3.1017469493142427	6.572635407985896	0.06919708155508893	0.9976030091696088	0.0	-0.9976030091696088	0.06919708155508893	0.0	0.0	0.0	1.0	2.24
3.09886065222602	6.574599179355797	0.0035040447193713377	0.9999938608164576	0.0	-0.9999938608164576	0.0035040447193713377	0.0	0.0	0.0	1.0	2.25
3.095960418970726	6.575422398107908	-0.06221804328708499	0.9980625807480844	0.0	-0.9980625807480844	-0.06221804328708499	0.0	0.0	0.0	1.0	2.26
3.0930576755934562	6.575101793705843	-0.12767364463871592	0.9918162332129208	0.0	-0.9918162332129208	-0.12767364463871592	0.0	0.0	0.0	1.0	2.2699999999999996
3.0901638581120574	6.573638639831634	-0.1925684962117667	0.9812835340851995	0.0	-0.9812835340851995	-0.1925684962117667	0.0	0.0	0.0	1.0	2.2800000000000002
3.087290367080047	6.571038748947473	-0.25661136716055655	0.9665146694406609	0.0	-0.9665146694406609	-0.25661136716055655	0.0	0.0	0.0	1.0	2.29
3.084448522300996	6.567312447491311	-0.3195157901933049	0.9475809515904949	0.0	-0.9475809515904949	-0.3195157901933049	0.0	0.0	0.0	1.0	2.3
3.081649517887395	6.562474531872634	-0.3810017493835241	0.9245743166272218	0.0	-0.9245743166272218	-0.3810017493835241	0.0	0.0	0.0	1.0	2.3099999999999996
3.0789043778547374	6.556544205561349	-0.44079730801431305	0.8976066695648683	0.0	-0.8976066695648683	-0.44079730801431305	0.0	0.0	0.0	1.0	2.3199999999999994
3.0762239124379938	6.549544997683932	-0.49864016087525204	0.8668090850713914	0.0	-0.8668090850713914	-0.49864016087525204	0.0	0.0	0.0	1.0	2.33
3.073618675312939	6.541504663654546	-0.5542790965953147	0.8323308735577948	0.0	-0.8323308735577948	-0.5542790965953147	0.0	0.0	0.0	1.0	2.34
3.071098921898973	6.532455068472915	-0.6074753569745707	0.7943385239736381	0.0	-0.7943385239736381	-0.6074753569745707	0.0	0.0	0.0	1.0	2.3499999999999996
3.0686745689132784	6.522432053413781	-0.6580038818423555	0.7530145360352558	0.0	-0.7530145360352558	-0.6580038818423555	0.0	0.0	0.0	1.0	2.3599999999999994
3.0663551553384893	6.511475286913371	-0.7056544296870378	0.7085561557583572	0.0	-0.7085561557583572	-0.7056544296870378	0.0	0.0	0.0	1.0	2.37
3.0641498049576215	6.499628100525863	-0.7502325661357421	0.6611740290644964	0.0	-0.6611740290644964	-0.7502325661357421	0.0	0.0	0.0	1.0	2.38
3.062067190600999	6.486937310876668	-0.791560514274272	0.6110907888700745	0.0	-0.6110907888700745	-0.791560514274272	0.0	0.0	0.0	1.0	2.3899999999999997
3.060115500240433	6.473453028579699	-0.829477862749175	0.5585395914427739	0.0	-0.5585395914427739	-0.829477862749175	0.0	0.0	0.0	1.0	2.3999999999999995
3.058302405056047	6.459228455112748	-0.863842129547986	0.503762617924356	0.0	-0.503762617924356	-0.863842129547986	0.0	0.0	0.0	1.0	2.41
3.0566350295911384	6.444319668659783	-0.8945291812731063	0.4470095567780024	0.0	-0.4470095567780024	-0.8945291812731063	0.0	0.0	0.0	1.0	2.42
3.055119924100328	6.428785399932166	-0.921433509575618	0.388536082534376	0.0	-0.388536082534376	-0.921433509575618	0.0	0.0	0.0	1.0	2.4299999999999997
3.0537630391861406	6.412686798974258	-0.9444683681657929	0.32860234560064294	0.0	-0.32860234560064294	-0.9444683681657929	0.0	0.0	0.0	1.0	2.4399999999999995
3.0525697028091656	6.396087193943916	-0.9635657754396898	0.2674714870809774	0.0	-0.2674714870809774	-0.9635657754396898	0.0	0.0	0.0	1.0	2.45
3.051544599747138	6.379051842837208	-0.9786763892318677	0.20540819156030188	0.0	-0.20540819156030188	-0.9786763892318677	0.0	0.0	0.0	1.0	2.46
3.0506917535686946	6.361647679100891	-0.9897692615038157	0.14267728965112564	0.0	-0.14267728965112564	-0.9897692615038157	0.0	0.0	0.0	1.0	2.4699999999999998
3.050014511178263	6.343943052048075	-0.9968314818911267	0.07954242082524558	0.0	-0.07954242082524558	-0.9968314818911267	0.0	0.0	0.0	1.0	2.4799999999999995
3.049515529979513	6.326007462963692	-0.9998677199497414	0.016264765676316358	0.0	-0.016264765676316358	-0.9998677199497414	0.0	0.0	0.0	1.0	2.49
3.0491967676960883	6.307911297759023	-0.9988996766568718	-0.04689814468395372	0.0	0.04689814468395372	-0.9988996766568718	0.0	0.0	0.0	1.0	2.5
3.049059474879828	6.289725557009932	-0.9939654562343104	-0.1096935358757266	0.0	0.1096935358757266	-0.9939654562343104	0.0	0.0	0.0	1.0	2.51
3.0491041901284874	6.271521584193433	-0.9851188696733493	-0.17187440942008417	0.0	0.17187440942008417	-0.9851188696733493	0.0	0.0	0.0	1.0	2.5199999999999996
3.0493307380268506	6.2533707929224045	-0.9724286814578489	-0.23320047057874788	0.0	0.23320047057874788	-0.9724286814578489	0.0	0.0	0.0	1.0	2.5300000000000002
3.0497382298172133	6.2353443939700215	-0.9559778109146878	-0.29343896305494527	0.0	0.29343896305494527	-0.9559778109146878	0.0	0.0	0.0	1.0	2.54
3.050325066797287	6.217513122873762	-0.9358624993811727	-0.3523654101242408	0.0	0.3523654101242408	-0.9358624993811727	0.0	0.0	0.0	1.0	2.55
3.051088946435674	6.19994696891418	-0.9121914539816192	-0.4097642630621901	0.0	0.4097642630621901	-0.9121914539816192	0.0	0.0	0.0	1.0	2.5599999999999996
3.052026871187044	6.182714906275336	-0.8850849782663748	-0.46542945893788334	0.0	0.46542945893788334	-0.8850849782663748	0.0	0.0	0.0	1.0	2.5699999999999994
3.053135159981015	6.1658846282116295	-0.8546740993037625	-0.519164890934761	0.0	0.519164890934761	-0.8546740993037625	0.0	0.0	0.0	1.0	2.58
3.0544094623503635	6.149522285068383	-0.8210997000469339	-0.5707847953325625	0.0	0.5707847953325625	-0.8210997000469339	0.0	0.0	0.0	1.0	2.59
3.055844775155619	6.133692227029971	-0.7845116649421623	-0.6201140601290028	0.0	0.6201140601290028	-0.7845116649421623	0.0	0.0	0.0	1.0	2.5999999999999996
3.0574354618541992	6.118456752497777	-0.7450680458214165	-0.6669884609915344	0.0	0.6669884609915344	-0.7450680458214165	0.0	0.0	0.0	1.0	2.6099999999999994
3.0591752742531133	6.103875863029146	-0.7029342541481334	-0.7112548308062361	0.0	0.7112548308062361	-0.7029342541481334	0.0	0.0	0.0	1.0	2.62
3.0610573766747815	6.090007025795927	-0.6582822846789413	-0.752771169531534	0.0	0.752771169531534	-0.6582822846789413	0.0	0.0	0.0	1.0	2.63
3.063074372455863	6.07690494454508	-0.6112899745820283	-0.7914067013713639	0.0	0.7914067013713639	-0.6112899745820283	0.0	0.0	0.0	1.0	2.6399999999999997
3.065218332689035	6.064621340062367	-0.5621403010309834	-0.8270418864584764	0.0	0.8270418864584764	-0.5621403010309834	0.0	0.0	0.0	1.0	2.6499999999999995
3.0674808271076306	6.053204741151181	-0.5110207192852999	-0.8595683942893285	0.0	0.8595683942893285	-0.5110207192852999	0.0	0.0	0.0	1.0	2.66
3.0698529570028934	6.042700287140672	-0.45812254228905697	-0.8888890460831494	0.0	0.8888890460831494	-0.45812254228905697	0.0	0.0	0.0	1.0	2.67
3.0723253900535408	6.033149542928593	-0.4036403618790204	-0.9149177330570074	0.0	0.9149177330570074	-0.4036403618790204	0.0	0.0	0.0	1.0	2.6799999999999997
3.0748883969373404	6.02459032754375	-0.34777151080362895	-0.9375793173237993	0.0	0.9375793173237993	-0.34777151080362895	0.0	0.0	0.0	1.0	2.6899999999999995
3.0775318895847597	6.017056557179348	-0.2907155639238035	-0.9568095217400718	0.0	0.9568095217400718	-0.2907155639238035	0.0	0.0	0.0	1.0	2.7
