3.0918323593040813	6.286207389817356	1.0	0.0	0.0	-0.0	1.0	0.0	0.0	0.0	1.0	0.0
3.1415915304135598	6.287285118935383	0.999914158197419	0.013102527860950982	0.0	-0.013102527860950982	0.999914158197419	0.0	0.0	0.0	1.0	0.010000000000000002
3.1414859671112683	6.303849185094111	0.9971080314625239	0.07599719463855528	0.0	-0.07599719463855528	0.9971080314625239	0.0	0.0	0.0	1.0	0.019999999999999997
3.1412150787043562	6.320339271270874	0.9903268278708002	0.13875436569477212	0.0	-0.13875436569477212	0.9903268278708002	0.0	0.0	0.0	1.0	0.03
3.140779928957028	6.336690617750999	0.9795666963247187	0.2011195849525261	0.0	-0.2011195849525261	0.9795666963247187	0.0	0.0	0.0	1.0	0.04000000000000001
3.1401822267787027	6.3528389987313645	0.9648404913600555	0.26283612048591537	0.0	-0.26283612048591537	0.9648404913600555	0.0	0.0	0.0	1.0	0.05
3.139424319650087	6.368720969805837	0.9461782018204846	0.3236461190865021	0.0	-0.3236461190865021	0.9461782018204846	0.0	0.0	0.0	1.0	0.06
3.1385091845857045	6.384274113006145	0.9236272929022177	0.38329182590569416	0.0	-0.38329182590569416	0.9236272929022177	0.0	0.0	0.0	1.0	0.07
3.1374404166612253	6.399437278600733	0.8972529524157458	0.44151686194439677	0.0	-0.44151686194439677	0.8972529524157458	0.0	0.0	0.0	1.0	0.08000000000000002
3.136222215142003	6.4141508228387245	0.8671382327736871	0.4980675509026129	0.0	-0.4980675509026129	0.8671382327736871	0.0	0.0	0.0	1.0	0.09
3.134859367257451	6.428356840809006	0.8333840810505233	0.552694285705556	0.0	-0.552694285705556	0.8333840810505233	0.0	0.0	0.0	1.0	0.1
3.1333572296742678	6.44199939356684	0.7961092504663541	0.6051529239141953	0.0	-0.6051529239141953	0.7961092504663541	0.0	0.0	0.0	1.0	0.11000000000000001
3.1317217077301045	6.45502472866369	0.7554500878136845	0.6552062002318786	0.0	-0.6552062002318786	0.7554500878136845	0.0	0.0	0.0	1.0	0.12
3.129959232497997	6.467381493201559	0.7115601926607917	0.7026251434588268	0.0	-0.7026251434588268	0.7115601926607917	0.0	0.0	0.0	1.0	0.13
3.128076735760718	6.47902093852248	0.6646099456106891	0.747190484545512	0.0	-0.747190484545512	0.6646099456106891	0.0	0.0	0.0	1.0	0.14
3.126081622983166	6.489897115638476	0.6147859044507336	0.7886940418747269	0.0	-0.7886940418747269	0.6147859044507336	0.0	0.0	0.0	1.0	0.15000000000000002
3.123981744379839	6.499967060508521	0.562290068670752	0.8269400695783468	0.0	-0.8269400695783468	0.562290068670752	0.0	0.0	0.0	1.0	0.16000000000000003
3.121785364183375	6.5091909682781806	0.5073390145303601	0.8617465545828211	0.0	-0.8617465545828211	0.5073390145303601	0.0	0.0	0.0	1.0	0.17000000000000004
3.1195011282288796	6.517532355615625	0.4501629045896196	0.8929464481879287	0.0	-0.8929464481879287	0.4501629045896196	0.0	0.0	0.0	1.0	0.18
3.117138029977341	6.524958210305558	0.3910043773500446	0.9203888183225087	0.0	-0.9203888183225087	0.3910043773500446	0.0	0.0	0.0	1.0	0.19
3.114705375109604	6.5314391273007635	0.3301173243527698	0.9439399091902875	0.0	-0.9439399091902875	0.3301173243527698	0.0	0.0	0.0	1.0	0.2
3.1122127448301957	6.536949430479792	0.26776556371444177	0.9634840958151241	0.0	-0.9634840958151241	0.26776556371444177	0.0	0.0	0.0	1.0	0.21000000000000002
3.1096699580274842	6.541467279418752	0.20422142061652063	0.9789247220094967	0.0	-0.9789247220094967	0.20422142061652063	0.0	0.0	0.0	1.0	0.22000000000000003
3.1070870324432858	6.544974760554902	0.13976422666874078	0.9901848115092903	0.0	-0.9901848115092903	0.13976422666874078	0.0	0.0	0.0	1.0	0.23000000000000004
3.104474145010833	6.547457962199137	0.07467875131310016	0.9972076434235331	0.0	-0.9972076434235331	0.07467875131310016	0.0	0.0	0.0	1.0	0.24
3.101841591525057	6.5489070329425365	0.009253579494395656	0.9999571847166963	0.0	-0.9999571847166963	0.009253579494395656	0.0	0.0	0.0	1.0	0.25
3.099199745813187	6.549316223097718	-0.056220549325959025	0.9984183741465735	0.0	-0.9984183741465735	-0.056220549325959025	0.0	0.0	0.0	1.0	0.26
3.096559018576775	6.5486839089173765	-0.12145242511301534	0.9925972538921147	0.0	-0.9925972538921147	-0.12145242511301534	0.0	0.0	0.0	1.0	0.27
3.0939298160783153	6.5470125994383785	-0.18615205807687407	0.9825209469898055	0.0	-0.9825209469898055	-0.18615205807687407	0.0	0.0	0.0	1.0	0.28
3.0913224988465786	6.544308925908429	-0.25003236015401104	0.9682374806191996	0.0	-0.9682374806191996	-0.25003236015401104	0.0	0.0	0.0	1.0	0.2899999999999999
3.088747340574686	6.540583613861673	-0.31281080106061554	0.9498154572019851	0.0	-0.9498154572019851	-0.31281080106061554	0.0	0.0	0.0	1.0	0.30000000000000004
3.0862144873837285	6.535851438017836	-0.3742110232002529	0.9273435771683654	0.0	-0.9273435771683654	-0.3742110232002529	0.0	0.0	0.0	1.0	0.30999999999999994
3.083733917622458	6.530131160284709	-0.43396440032435635	0.9009300190642566	0.0	-0.9009300190642566	-0.43396440032435635	0.0	0.0	0.0	1.0	0.32000000000000006
3.081315402370277	6.523445451244264	-0.49181152569012304	0.8707016843892937	0.0	-0.8707016843892937	-0.49181152569012304	0.0	0.0	0.0	1.0	0.32999999999999996
3.078968466806447	6.515820795596735	-0.547503616518361	0.8368033161378577	0.0	-0.8368033161378577	-0.547503616518361	0.0	0.0	0.0	1.0	0.3400000000000001
3.076702352603279	6.507287382123373	-0.6008038228010681	0.7993965014356911	0.0	-0.7993965014356911	-0.6008038228010681	0.0	0.0	0.0	1.0	0.35
3.0745259814950257	6.4978789788059155	-0.6514884299189496	0.75865856989936	0.0	-0.75865856989936	-0.6514884299189496	0.0	0.0	0.0	1.0	0.36
3.0724479201674884	6.487632793808429	-0.6993479460732763	0.7147814003757302	0.0	-0.7147814003757302	-0.6993479460732763	0.0	0.0	0.0	1.0	0.37
3.0704763466059712	6.476589323084352	-0.7441880671831675	0.6679701495292895	0.0	-0.6679701495292895	-0.7441880671831675	0.0	0.0	0.0	1.0	0.38
3.068619018031341	6.464792185418087	-0.7858305136155953	0.6184419163273538	0.0	-0.6184419163273538	-0.7858305136155953	0.0	0.0	0.0	1.0	0.39
3.066883240545671	6.4522879457464395	-0.8241137348679183	0.5664243568227363	0.0	-0.5664243568227363	-0.8241137348679183	0.0	0.0	0.0	1.0	0.4
3.065275840600329	6.439125927630841	-0.8588934800785354	0.5121542637512476	0.0	-0.5121542637512476	-0.8588934800785354	0.0	0.0	0.0	1.0	0.41000000000000003
3.0638031383905666	6.425358015767387	-0.8900432339684291	0.4558761253531712	0.0	-0.4558761253531712	-0.8900432339684291	0.0	0.0	0.0	1.0	0.41999999999999993
3.062470923271756	6.411038449429009	-0.9174545194849173	0.3978406775038212	0.0	-0.3978406775038212	-0.9174545194849173	0.0	0.0	0.0	1.0	0.43000000000000005
3.061284431283453	6.396223607733898	-0.9410370700012799	0.33830346271270473	0.0	-0.33830346271270473	-0.9410370700012799	0.0	0.0	0.0	1.0	0.43999999999999995
3.0602483248585264	6.380971787627589	-0.9607188753975168	0.27752340884136373	0.0	-0.27752340884136373	-0.9607188753975168	0.0	0.0	0.0	1.0	0.45000000000000007
3.0593666747858053	6.365342975454667	-0.9764461076871537	0.2157614395173695	0.0	-0.2157614395173695	-0.9764461076871537	0.0	0.0	0.0	1.0	0.45999999999999996
3.058642944485957	6.349398612980954	-0.9881829330453321	0.15327912720890838	0.0	-0.15327912720890838	-0.9881829330453321	0.0	0.0	0.0	1.0	0.4700000000000001
3.058079976651812	6.333201358710044	-0.9959112181208003	0.09033739879553565	0.0	-0.09033739879553565	-0.9959112181208003	0.0	0.0	0.0	1.0	0.48
3.057679982295967	6.316814845320452	-0.9996301393692906	0.027195302251176334	0.0	-0.027195302251176334	-0.9996301393692906	0.0	0.0	0.0	1.0	0.49
3.057444532240335	6.3003034340327675	-0.9993557048223585	-0.03589115822883423	0.0	0.03589115822883423	-0.9993557048223585	0.0	0.0	0.0	1.0	0.5
3.057374551074281	6.283731966701329	-0.9951201982021481	-0.09867011264875146	0.0	0.09867011264875146	-0.9951201982021481	0.0	0.0	0.0	1.0	0.51
3.057470313600094	6.26716551641293	-0.986971555610234	-0.160894836512285	0.0	0.160894836512285	-0.986971555610234	0.0	0.0	0.0	1.0	0.52
3.057731443776769	6.250669137366845	-0.9749726851624798	-0.22232467966256925	0.0	0.22232467966256925	-0.9749726851624798	0.0	0.0	0.0	1.0	0.53
3.058156916165351	6.234307614806431	-0.9592007399193663	-0.2827259106239472	0.0	0.2827259106239472	-0.9592007399193663	0.0	0.0	0.0	1.0	0.54
3.058745059871386	6.21814521577301	-0.9397463542825767	-0.3418724756581111	0.0	0.3418724756581111	-0.9397463542825767	0.0	0.0	0.0	1.0	0.55
3.05949356497231	6.202245441457737	-0.9167128537060012	-0.39954667293096036	0.0	0.39954667293096036	-0.9167128537060012	0.0	0.0	0.0	1.0	0.56
3.0603994914097985	6.186670781936207	-0.8902154471165254	-0.45553974328825	0.0	0.45553974328825	-0.8902154471165254	0.0	0.0	0.0	1.0	0.5700000000000001
3.061459280319199	6.171482474083324	-0.860380410872098	-0.5096523801450944	0.0	0.5096523801450944	-0.860380410872098	0.0	0.0	0.0	1.0	0.5799999999999998
3.062668767760127	6.156740263481398	-0.8273442724175005	-0.561695161896519	0.0	0.561695161896519	-0.8273442724175005	0.0	0.0	0.0	1.0	0.5900000000000001
3.0640232008040864	6.142502171151744	-0.7912530010483937	-0.6114889110457448	0.0	0.6114889110457448	-0.7912530010483937	0.0	0.0	0.0	1.0	0.5999999999999999
3.065517255926609	6.128824265957799	-0.752261212378009	-0.6588649849184338	0.0	0.6588649849184338	-0.752261212378009	0.0	0.0	0.0	1.0	0.6100000000000001
3.067145059642823	6.1157604435448	-0.7105313922347561	-0.7036655033813576	0.0	0.7036655033813576	-0.7105313922347561	0.0	0.0	0.0	1.0	0.6199999999999999
3.0689002113166692	6.103362212695745	-0.6662331448187822	-0.7457435194119192	0.0	0.7457435194119192	-0.6662331448187822	0.0	0.0	0.0	1.0	0.6300000000000001
3.070775808065118	6.0916784899943925	-0.619542469026611	-0.7849631386711166	0.0	0.7849631386711166	-0.619542469026611	0.0	0.0	0.0	1.0	0.6399999999999999
3.0727644716698204	6.080755403691839	-0.5706410659296656	-0.8211995944194413	0.0	0.8211995944194413	-0.5706410659296656	0.0	0.0	0.0	1.0	0.6500000000000001
3.074858377399658	6.070636107672469	-0.5197156794784938	-0.8543392841864451	0.0	0.8543392841864451	-0.5197156794784938	0.0	0.0	0.0	1.0	0.6599999999999999
3.077049284638756	6.06136060640645	-0.46695747161211953	-0.8842797745655029	0.0	0.8842797745655029	-0.46695747161211953	0.0	0.0	0.0	1.0	0.6700000000000002
3.079328569205733	6.052965591758476	-0.41256143209277946	-0.9109297803615573	0.0	0.9109297803615573	-0.41256143209277946	0.0	0.0	0.0	1.0	0.6799999999999999
3.0816872572414127	6.045484292495172	-0.3567258225704044	-0.9342091240784733	0.0	0.9342091240784733	-0.3567258225704044	0.0	0.0	0.0	1.0	0.6900000000000002
3.0841160605339693	6.038946337295966	-0.29965165361798046	-0.9540486814015362	0.0	0.9540486814015362	-0.29965165361798046	0.0	0.0	0.0	1.0	0.7
3.0866054131426974	6.033377632023942	-0.241542192776153	-0.9703903179179436	0.0	0.9703903179179436	-0.241542192776153	0.0	0.0	0.0	1.0	0.71
3.0891455091743056	6.028800251954208	-0.18260250101038597	-0.9831868218323271	0.0	0.9831868218323271	-0.18260250101038597	0.0	0.0	0.0	1.0	0.72
3.0917263415590153	6.025232349588044	-0.12303899442233224	-0.9924018368844051	0.0	0.9924018368844051	-0.12303899442233224	0.0	0.0	0.0	1.0	0.73
3.094337741667854	6.0226880786020285	-0.0630590275740325	-0.9980097990708395	0.0	0.9980097990708395	-0.0630590275740325	0.0	0.0	0.0	1.0	0.74
3.0969694196074835	6.021177534393534	-0.002870494383038835	-0.9999958801225118	0.0	0.9999958801225118	-0.002870494383038835	0.0	0.0	0.0	1.0	0.75
3.0996110050247565	6.020706711588575	0.0573185577681545	-0.9983559400010493	0.0	0.9983559400010493	0.0573185577681545	0.0	0.0	0.0	1.0	0.76
3.1022520882500566	6.021277478776424	0.11730030529154292	-0.9930964899638458	0.0	0.9930964899638458	0.11730030529154292	0.0	0.0	0.0	1.0	0.77
3.104882261606347	6.022887570629347	0.1768675217418413	-0.9842346670143758	0.0	0.9842346670143758	0.1768675217418413	0.0	0.0	0.0	1.0	0.78
3.1074911607098263	6.025530597457024	0.23581395201954777	-0.9717982198136208	0.0	0.9717982198136208	0.23581395201954777	0.0	0.0	0.0	1.0	0.79
3.1100685055881354	6.029196072135546	0.29393469215015006	-0.9558255053881941	0.0	0.9558255053881941	0.29393469215015006	0.0	0.0	0.0	1.0	0.8
3.1126041414432026	6.0338694542423035	0.3510265792257647	-0.936365495240538	0.0	0.936365495240538	0.3510265792257647	0.0	0.0	0.0	1.0	0.81
3.11508807888804	6.039532211122325	0.4068885958714326	-0.9134777887555745	0.0	0.9134777887555745	0.4068885958714326	0.0	0.0	0.0	1.0	0.8200000000000001
3.1175105334900404	6.046161895510642	0.4613222932871327	-0.8872326311155946	0.0	0.8872326311155946	0.4613222932871327	0.0	0.0	0.0	1.0	0.8300000000000001
3.1198619644575603	6.053732239240467	0.5141322365210189	-0.8577109322900666	0.0	0.8577109322900666	0.5141322365210189	0.0	0.0	0.0	1.0	0.8399999999999999
3.122133112311715	6.062213262479982	0.565126475152895	-0.8250042830684361	0.0	0.8250042830684361	0.565126475152895	0.0	0.0	0.0	1.0	0.8500000000000001
3.1243150353912665	6.071571397862388	0.6141170420137744	-0.7892149635607855	0.0	0.7892149635607855	0.6141170420137744	0.0	0.0	0.0	1.0	0.8599999999999999
3.1263991450451893	6.081769628805536	0.6609204819427182	-0.7504559391120874	0.0	0.7504559391120874	0.6609204819427182	0.0	0.0	0.0	1.0	0.8700000000000001
3.128377239374819	6.092767641259509	0.7053584118919143	-0.7088508381692982	0.0	0.7088508381692982	0.7053584118919143	0.0	0.0	0.0	1.0	0.8799999999999999
3.1302415353953394	6.1045219880732935	0.7472581129423145	-0.6645339063147127	0.0	0.6645339063147127	0.7472581129423145	0.0	0.0	0.0	1.0	0.8900000000000001
3.131984699494646	6.116986265135038	0.7864531539928376	-0.6176499304417657	0.0	0.6176499304417657	0.7864531539928376	0.0	0.0	0.0	1.0	0.8999999999999999
3.1335998760761905	6.130111298414117	0.8227840460453982	-0.5683541269078319	0.0	0.5683541269078319	0.8227840460453982	0.0	0.0	0.0	1.0	0.9100000000000001
3.1350807142812274	6.143845341016626	0.8560989251356377	-0.5168119874592749	0.0	0.5168119874592749	0.8560989251356377	0.0	0.0	0.0	1.0	0.9199999999999999
3.136421392694787	6.1581342793581335	0.8862542610665093	-0.46319907679253386	0.0	0.46319907679253386	0.8862542610665093	0.0	0.0	0.0	1.0	0.9300000000000002
3.137616641948667	6.172921847557433	0.9131155882006784	-0.4077007757963299	0.0	0.4077007757963299	0.9131155882006784	0.0	0.0	0.0	1.0	0.94
3.1386617651436657	6.188149849161426	0.9365582536712994	-0.3505119648174166	0.0	0.3505119648174166	0.9365582536712994	0.0	0.0	0.0	1.0	0.9500000000000002
3.1395526560220928	6.203758385322683	0.9564681774928733	-0.29183664170809925	0.0	0.29183664170809925	0.9564681774928733	0.0	0.0	0.0	1.0	0.96
3.1402858148303325	6.219686088566222	0.9727426182094443	-0.23188746994832515	0.0	0.23188746994832515	0.9727426182094443	0.0	0.0	0.0	1.0	0.97
3.1408583618197423	6.2358703612991855	0.9852909369215284	-0.17088525278764366	0.0	0.17088525278764366	0.9852909369215284	0.0	0.0	0.0	1.0	0.98
3.1412680483425564	6.2522476182348825	0.9940353518017249	-0.10905833011934984	0.0	0.10905833011934984	0.9940353518017249	0.0	0.0	0.0	1.0	0.99
3.141513265507661	6.268753531919812	0.9989116745577501	-0.04664189567579277	0.0	0.04664189567579277	0.9989116745577501	0.0	0.0	0.0	1.0	1.0
-3.141592256810468	6.2853232805675425	0.9998700197465131	0.016122766887462642	0.0	-0.016122766887462642	0.9998700197465131	0.0	0.0	0.0	1.0	1.0099999999999998
3.1415070896282318	6.30189179741572	0.996875477399173	0.07898912937974985	0.0	-0.07898912937974985	0.996875477399173	0.0	0.0	0.0	1.0	1.02
3.1412557208377185	6.318394020831242	0.9899087390995065	0.14170634514525168	0.0	-0.14170634514525168	0.9899087390995065	0.0	0.0	0.0	1.0	1.0299999999999998
3.1408399311042823	6.334765144393115	0.9789666674798442	0.2040202538068419	0.0	-0.2040202538068419	0.9789666674798442	0.0	0.0	0.0	1.0	1.04
3.1402613532935857	6.350940866182572	0.9640627990722612	0.26567446140898987	0.0	-0.26567446140898987	0.9640627990722612	0.0	0.0	0.0	1.0	1.0499999999999998
3.139522259749335	6.366857636505601	0.9452277705876194	0.3264114913877251	0.0	-0.3264114913877251	0.9452277705876194	0.0	0.0	0.0	1.0	1.06
3.1386255535459866	6.382452903264359	0.9225096589991691	0.38597400048868147	0.0	-0.38597400048868147	0.9225096589991691	0.0	0.0	0.0	1.0	1.0699999999999998
3.137574757302492	6.3976653541817	0.8959742262856417	0.44410605246027174	0.0	-0.44410605246027174	0.8959742262856417	0.0	0.0	0.0	1.0	1.08
3.136373999592513	6.412435155067853	0.8657050603430586	0.5005544410914974	0.0	-0.5005544410914974	0.8657050603430586	0.0	0.0	0.0	1.0	1.0899999999999999
3.1350279989947585	6.426704183301365	0.8318036044033089	0.5550700529677887	0.0	-0.5550700529677887	0.8318036044033089	0.0	0.0	0.0	1.0	1.1
3.133542045835456	6.440416255678755	0.7943890682959233	0.6074092592082664	0.0	-0.6074092592082664	0.7943890682959233	0.0	0.0	0.0	1.0	1.1099999999999999
3.1319219816835324	6.453517349770482	0.7535982160484305	0.6573353244491148	0.0	-0.6573353244491148	0.7535982160484305	0.0	0.0	0.0	1.0	1.12
3.130174176667765	6.465955817906019	0.7095850256276917	0.7046198204740965	0.0	-0.7046198204740965	0.7095850256276917	0.0	0.0	0.0	1.0	1.13
3.128305504694034	6.4776825928997335	0.6625202180629857	0.7490440311876024	0.0	-0.7490440311876024	0.6625202180629857	0.0	0.0	0.0	1.0	1.1400000000000001
3.12632331664971	6.4886513846231635	0.6125906547414048	0.790400335098295	0.0	-0.790400335098295	0.6125906547414048	0.0	0.0	0.0	1.0	1.15
3.124235411691185	6.498818866529711	0.5599986033035058	0.8284935511505945	0.0	-0.8284935511505945	0.5599986033035058	0.0	0.0	0.0	1.0	1.1599999999999997
3.1220500067194563	6.5081448512458975	0.5049608742657545	0.8631422336212989	0.0	-0.8631422336212989	0.5049608742657545	0.0	0.0	0.0	1.0	1.17
3.1197757041574903	6.516592454360243	0.447707832226738	0.8941799019005264	0.0	-0.8941799019005264	0.447707832226738	0.0	0.0	0.0	1.0	1.1799999999999997
3.1174214581516275	6.5241282455674945	0.3884822872453712	0.9214561913062416	0.0	-0.9214561913062416	0.3884822872453712	0.0	0.0	0.0	1.0	1.19
3.1149965393275942	6.530722386362828	0.32753827367903154	0.944837911641653	0.0	-0.944837911641653	0.32753827367903154	0.0	0.0	0.0	1.0	1.1999999999999997
3.112510498239481	6.536348753528218	0.26513972540462744	0.9642100009916714	0.0	-0.9642100009916714	0.26513972540462744	0.0	0.0	0.0	1.0	1.21
3.1099731276573737	6.540985047711358	0.20155905788371822	0.9794763632599962	0.0	-0.9794763632599962	0.20155905788371822	0.0	0.0	0.0	1.0	1.2199999999999998
3.1073944238459874	6.544612886466063	0.1370756689421593	0.9905605791591242	0.0	-0.9905605791591242	0.1370756689421593	0.0	0.0	0.0	1.0	1.23
3.10478454699259	6.547217881201371	0.07197437138621893	0.9974064817633574	0.0	-0.9974064817633574	0.07197437138621893	0.0	0.0	0.0	1.0	1.2399999999999998
3.102153780947596	6.548789697573672	0.0065437716436671	0.9999785892971287	0.0	-0.9999785892971287	0.0065437716436671	0.0	0.0	0.0	1.0	1.25
3.0995124924454274	6.549322098950962	-0.05892539052280682	0.998262389530796	0.0	-0.998262389530796	-0.05892539052280682	0.0	0.0	0.0	1.0	1.2599999999999998
3.0968710899764225	6.548812972679313	-0.12414192555060408	0.9922644719632908	0.0	-0.9922644719632908	-0.12414192555060408	0.0	0.0	0.0	1.0	1.27
3.0942399824827724	6.547264338987199	-0.18881588479027334	0.9820125058525815	0.0	-0.9820125058525815	-0.18881588479027334	0.0	0.0	0.0	1.0	1.2799999999999998
3.0916295380525605	6.544682342471788	-0.25266024218516303	0.9675550640759082	0.0	-0.9675550640759082	-0.25266024218516303	0.0	0.0	0.0	1.0	1.29
3.089050042785988	6.541077226220621	-0.31539255081832246	0.94896129472614	0.0	-0.94896129472614	-0.31539255081832246	0.0	0.0	0.0	1.0	1.2999999999999998
3.0865116600067957	6.536463288730627	-0.3767365585908592	0.9263204442422267	0.0	-0.9263204442422267	-0.3767365585908592	0.0	0.0	0.0	1.0	1.31
3.084024389989736	6.530858823892013	-0.4364237679029674	0.8997412376952482	0.0	-0.8997412376952482	-0.4364237679029674	0.0	0.0	0.0	1.0	1.3199999999999998
3.0815980303717523	6.524286044405746	-0.4941949250467347	0.8693511235732385	0.0	-0.8693511235732385	-0.4941949250467347	0.0	0.0	0.0	1.0	1.33
3.079242137410366	6.516770989098224	-0.5498014260703848	0.8352953919967302	0.0	-0.8352953919967302	-0.5498014260703848	0.0	0.0	0.0	1.0	1.3399999999999999
3.0769659882476628	6.508343414684037	-0.6030066271148766	0.7977361767248243	0.0	-0.7977361767248243	-0.6030066271148766	0.0	0.0	0.0	1.0	1.35
3.0747785443323763	6.499036672606239	-0.6535870486293293	0.756851352554782	0.0	-0.756851352554782	-0.6535870486293293	0.0	0.0	0.0	1.0	1.3599999999999999
3.072688416145893	6.488887571652307	-0.7013334644127878	0.7128333407569801	0.0	-0.7128333407569801	-0.7013334644127878	0.0	0.0	0.0	1.0	1.37
3.0707038293707236	6.4779362271023935	-0.7460518680746477	0.6658878360071826	0.0	-0.6658878360071826	-0.7460518680746477	0.0	0.0	0.0	1.0	1.38
3.0688325926321527	6.466225897214297	-0.7875643112221523	0.616232468869644	0.0	-0.616232468869644	-0.7875643112221523	0.0	0.0	0.0	1.0	1.3900000000000001
3.0670820669355376	6.453802807886718	-0.8257096094371045	0.5640954182434248	0.0	-0.5640954182434248	-0.8257096094371045	0.0	0.0	0.0	1.0	1.4
3.065459136913155	6.440715966369229	-0.860343913862501	0.50971398831085	0.0	-0.50971398831085	-0.860343913862501	0.0	0.0	0.0	1.0	1.4099999999999997
3.063970183985702	6.427016964904555	-0.8913411479509686	0.45333316442705746	0.0	-0.45333316442705746	-0.8913411479509686	0.0	0.0	0.0	1.0	1.42
3.0626210615346503	6.412759775197057	-0.9185933106006675	0.3952041620728526	0.0	-0.3952041620728526	-0.9185933106006675	0.0	0.0	0.0	1.0	1.4299999999999997
3.0614170721726928	6.39800053460188	-0.9420106484928753	0.3355829824738323	0.0	-0.3355829824738323	-0.9420106484928753	0.0	0.0	0.0	1.0	1.44
3.060362947190588	6.3827973249233	-0.9615217019240181	0.27472898778457955	0.0	-0.27472898778457955	-0.9615217019240181	0.0	0.0	0.0	1.0	1.4499999999999997
3.0594628282498713	6.367209944699763	-0.9770732297722015	0.21290350786804563	0.0	-0.21290350786804563	-0.9770732297722015	0.0	0.0	0.0	1.0	1.46
3.058720251382183	6.351299675838403	-0.9886300204365238	0.15036848969008948	0.0	-0.15036848969008948	-0.9886300204365238	0.0	0.0	0.0	1.0	1.4699999999999998
3.0581381333474194	6.335129045444982	-0.9961745966229963	0.08738519922166846	0.0	-0.08738519922166846	-0.9961745966229963	0.0	0.0	0.0	1.0	1.48
3.057718760394525	6.318761583677574	-0.9997068227138061	0.02421298452208766	0.0	-0.02421298452208766	-0.9997068227138061	0.0	0.0	0.0	1.0	1.4899999999999998
3.0574637794605537	6.302261578435307	-0.999243424141146	-0.038891892608589225	0.0	0.038891892608589225	-0.999243424141146	0.0	0.0	0.0	1.0	1.5
3.057374191835571	6.285693827678307	-0.9948174286906628	-0.10167735034558079	0.0	0.10167735034558079	-0.9948174286906628	0.0	0.0	0.0	1.0	1.5099999999999998
3.057450349313083	6.269123390162583	-0.9864775399842204	-0.16389650120329288	0.0	0.16389650120329288	-0.9864775399842204	0.0	0.0	0.0	1.0	1.52
3.057691952837887	6.252615335364918	-0.9742874535417377	-0.2253085836606238	0.0	0.2253085836606238	-0.9742874535417377	0.0	0.0	0.0	1.0	1.5299999999999998
3.058098053655485	6.236234493368239	-0.9583251258049149	-0.2856798089662517	0.0	0.2856798089662517	-0.9583251258049149	0.0	0.0	0.0	1.0	1.54
3.0586670569595524	6.220045205477926	-0.9386820063317388	-0.34478412229831795	0.0	0.34478412229831795	-0.9386820063317388	0.0	0.0	0.0	1.0	1.5499999999999998
3.059396728026173	6.204111076343894	-0.9154622430519023	-0.4024038786423162	0.0	0.4024038786423162	-0.9154622430519023	0.0	0.0	0.0	1.0	1.56
3.0602842008158175	6.1884947283719764	-0.8887818700235228	-0.45833043485839975	0.0	0.45833043485839975	-0.8887818700235228	0.0	0.0	0.0	1.0	1.5699999999999998
3.0613259890161166	6.173257559220426	-0.8587679865658234	-0.5123646604223224	0.0	0.5123646604223224	-0.8587679865658234	0.0	0.0	0.0	1.0	1.58
3.062517999490471	6.158459503192582	-0.825557935976757	-0.5643173702322097	0.0	0.5643173702322097	-0.825557935976757	0.0	0.0	0.0	1.0	1.5899999999999999
3.0638555480893475	6.144158797353852	-0.7892984912952326	-0.6140096836688081	0.0	0.6140096836688081	-0.7892984912952326	0.0	0.0	0.0	1.0	1.6
3.0653333777727427	6.1304117532189695	-0.7501450547513232	-0.6612733147739551	0.0	0.6612733147739551	-0.7501450547513232	0.0	0.0	0.0	1.0	1.6099999999999999
3.0669456789837617	6.117272534872612	-0.708260876680866	-0.705950798967783	0.0	0.705950798967783	-0.708260876680866	0.0	0.0	0.0	1.0	1.62
3.0686861122045577	6.1047929444015585	-0.6638162987793655	-0.7478956621580741	0.0	0.7478956621580741	-0.6638162987793655	0.0	0.0	0.0	1.0	1.63
3.0705478326170432	6.093022215528062	-0.6169880256492436	-0.7869725384061685	0.0	0.7869725384061685	-0.6169880256492436	0.0	0.0	0.0	1.0	1.6400000000000001
3.0725235167818643	6.082006816340616	-0.5679584276690074	-0.8230572425048873	0.0	0.8230572425048873	-0.5679584276690074	0.0	0.0	0.0	1.0	1.65
3.074605391240163	6.0717902620183795	-0.5169148772961991	-0.8560368038991405	0.0	0.8560368038991405	-0.5169148772961991	0.0	0.0	0.0	1.0	1.6600000000000001
3.076785262933738	6.062412938437898	-0.46404912002086196	-0.8858094683439908	0.0	0.8858094683439908	-0.46404912002086196	0.0	0.0	0.0	1.0	1.67
3.0790545513304135	6.053911937534391	-0.40955668032390985	-0.9122846735542908	0.0	0.9122846735542908	-0.40955668032390985	0.0	0.0	0.0	1.0	1.6799999999999997
3.081404322132828	6.046320905263774	-0.3536363021758507	-0.9353830048613191	0.0	0.9353830048613191	-0.3536363021758507	0.0	0.0	0.0	1.0	1.69
3.0838253224405845	6.039669902975228	-0.2964894228446861	-0.955036136563023	0.0	0.955036136563023	-0.2964894228446861	0.0	0.0	0.0	1.0	1.6999999999999997
3.0863080172278354	6.033985282957095	-0.23831967807585036	-0.9711867642435327	0.0	0.9711867642435327	-0.23831967807585036	0.0	0.0	0.0	1.0	1.71
3.0888426269910374	6.029289578861176	-0.17933243606865643	-0.9837885328533167	0.0	0.9837885328533167	-0.17933243606865643	0.0	0.0	0.0	1.0	1.7199999999999998
3.0914191664149104	6.025601411642402	-0.11973435710878748	-0.99280596479259	0.0	0.99280596479259	-0.11973435710878748	0.0	0.0	0.0	1.0	1.73
3.0940274838986324	6.022935411572912	-0.05973297523014774	-0.9982143916364633	0.0	0.9982143916364633	-0.05973297523014774	0.0	0.0	0.0	1.0	1.7399999999999998
3.096657301779173	6.0213021568027525	0.00046370212437693255	-0.9999998924901642	0.0	0.9999998924901642	0.00046370212437693255	0.0	0.0	0.0	1.0	1.75
3.0992982570843948	6.020708128844804	0.06064758079145432	-0.9981592412757316	0.0	0.9981592412757316	0.06064758079145432	0.0	0.0	0.0	1.0	1.7599999999999998
3.101939942645295	6.021155685260655	0.12061085750305187	-0.9926998645373024	0.0	0.9926998645373024	0.12061085750305187	0.0	0.0	0.0	1.0	1.77
3.1045719483945127	6.022643049718487	0.1801463931470205	-0.9836398106197812	0.0	0.9836398106197812	0.1801463931470205	0.0	0.0	0.0	1.0	1.7799999999999998
3.107183902677062	6.0251643194855	0.23904808643933068	-0.9710077303346737	0.0	0.9710077303346737	0.23904808643933068	0.0	0.0	0.0	1.0	1.79
3.1097655133991706	6.02870949030773	0.2971112527329492	-0.9548428684864635	0.0	0.9548428684864635	0.2971112527329492	0.0	0.0	0.0	1.0	1.7999999999999998
3.112306608842127	6.033264498521292	0.3541330125563946	-0.9351950649023617	0.0	0.9351950649023617	0.3541330125563946	0.0	0.0	0.0	1.0	1.81
3.1147971779701225	6.038811280132932	0.40991269425385457	-0.9121247628968012	0.0	0.9121247628968012	0.40991269425385457	0.0	0.0	0.0	1.0	1.8199999999999998
3.117227410064206	6.0453278465061	0.4642522547906843	-0.8857030224187822	0.0	0.8857030224187822	0.4642522547906843	0.0	0.0	0.0	1.0	1.83
3.119587733518587	6.052788376193171	0.5169567223955105	-0.8560115344842564	0.0	0.8560115344842564	0.5169567223955105	0.0	0.0	0.0	1.0	1.8399999999999999
3.121868853640561	6.061163322366468	0.5678346642368244	-0.8231426328960569	0.0	0.8231426328960569	0.5678346642368244	0.0	0.0	0.0	1.0	1.85
3.1240617893011917	6.070419535221482	0.6166986817818079	-0.7871992987094061	0.0	0.7871992987094061	0.6166986817818079	0.0	0.0	0.0	1.0	1.8599999999999999
3.1261579082905033	6.0805203986561605	0.6633659358636349	-0.7482951524203294	0.0	0.7482951524203294	0.6633659358636349	0.0	0.0	0.0	1.0	1.87
3.1281489612381987	6.091425980470954	0.7076587027963326	-0.7065544284459704	0.0	0.7065544284459704	0.7076587027963326	0.0	0.0	0.0	1.0	1.88
3.1300271139687066	6.103093195285759	0.7494049621307036	-0.6621119261377783	0.0	0.6621119261377783	0.7494049621307036	0.0	0.0	0.0	1.0	1.8900000000000001
3.131784978167588	6.115475979332066	0.788439015848483	-0.615112931328773	0.0	0.615112931328773	0.788439015848483	0.0	0.0	0.0	1.0	1.9
3.133415640244891	6.128525476251121	0.8246021379540109	-0.5657131022715263	0.0	0.5657131022715263	0.8246021379540109	0.0	0.0	0.0	1.0	1.9100000000000001
3.1349126882898157	6.142190233011195	0.8577432525529982	-0.5140783137808903	0.0	0.5140783137808903	0.8577432525529982	0.0	0.0	0.0	1.0	1.92
3.136270237019961	6.156416405048296	0.8877196376176755	-0.46038445346030415	0.0	0.46038445346030415	0.8877196376176755	0.0	0.0	0.0	1.0	1.9299999999999997
3.137482950637386	6.171147969733722	0.9143976507385535	-0.4048171640676992	0.0	0.4048171640676992	0.9143976507385535	0.0	0.0	0.0	1.0	1.94
3.138546063512645	6.186326947277512	0.9376534722683726	-0.34757152636984556	0.0	0.34757152636984556	0.9376534722683726	0.0	0.0	0.0	1.0	1.9499999999999997
3.1394553986268163	6.201893628187807	0.9573738603872692	-0.2888516772448752	0.0	0.2888516772448752	0.9573738603872692	0.0	0.0	0.0	1.0	1.96
3.140207383710249	6.217786806420727	0.9734569117744603	-0.228870358322197	0.0	0.228870358322197	0.9734569117744603	0.0	0.0	0.0	1.0	1.9699999999999998
3.140799065025333	6.233944017372363	0.9858128207760902	-0.16784839109591823	0.0	0.16784839109591823	0.9858128207760902	0.0	0.0	0.0	1.0	1.98
3.1412281187489675	6.250301779882256	0.9943646292268707	-0.10601407520941696	0.0	0.10601407520941696	0.9943646292268707	0.0	0.0	0.0	1.0	1.9899999999999998
3.141492859918638	6.266795841435015	0.9990489584307174	-0.043602507479488434	0.0	0.043602507479488434	0.9990489584307174	0.0	0.0	0.0	1.0	2.0
3.141592248914038	6.28336142576229	0.9998167142484096	0.01914517979843221	0.0	-0.01914517979843221	0.9998167142484096	0.0	0.0	0.0	1.0	2.0100000000000007
3.1415258954540946	6.2999334820600765	0.9966337557937895	0.08198266165699365	0.0	-0.08198266165699365	0.9966337557937895	0.0	0.0	0.0	1.0	2.0199999999999996
3.1412940600970534	6.316446935045565	0.9894815179187172	0.14465934362242686	0.0	-0.14465934362242686	0.9894815179187172	0.0	0.0	0.0	1.0	2.0300000000000002
3.140897653239002	6.332836935082742	0.97835757748445	0.20692136327300426	0.0	-0.20692136327300426	0.97835757748445	0.0	0.0	0.0	1.0	2.04
3.140338231613915	6.349039107606576	0.9632761533852314	0.26851266696257015	0.0	-0.26851266696257015	0.9632761533852314	0.0	0.0	0.0	1.0	2.05
3.139617992306021	6.364989801071662	0.9442685304187961	0.32917615718749615	0.0	-0.32917615718749615	0.9442685304187961	0.0	0.0	0.0	1.0	2.0600000000000005
3.1387397642930788	6.380626332643043	0.9213833973959007	0.38865490477181397	0.0	-0.38865490477181397	0.9213833973959007	0.0	0.0	0.0	1.0	2.0699999999999994
3.1377069975470264	6.3958872308350525	0.8946870903519895	0.4466934187532778	0.0	-0.4466934187532778	0.8946870903519895	0.0	0.0	0.0	1.0	2.08
3.136523749726485	6.41071247428912	0.8642637323707967	0.5030389655966028	0.0	-0.5030389655966028	0.8642637323707967	0.0	0.0	0.0	1.0	2.09
3.135194670503787	6.425043725864732	0.8302152623505171	0.5574429281641862	0.0	-0.5574429281641862	0.8302152623505171	0.0	0.0	0.0	1.0	2.1000000000000005
3.133724983577546	6.438824561200057	0.7926613460336747	0.6096621937631389	0.0	-0.6096621937631389	0.7926613460336747	0.0	0.0	0.0	1.0	2.1099999999999994
3.132120466430307	6.452000690881756	0.7517391637727746	0.659460559586553	0.0	-0.659460559586553	0.7517391637727746	0.0	0.0	0.0	1.0	2.12
3.1303874278995236	6.4645201753483645	0.7076030708033811	0.7066101429993948	0.0	-0.7066101429993948	0.7076030708033811	0.0	0.0	0.0	1.0	2.13
3.1285326836389222	6.476333631640018	0.6604241272274195	0.7508927834091238	0.0	-0.7508927834091238	0.6604241272274195	0.0	0.0	0.0	1.0	2.1400000000000006
3.126563529556236	6.487394431100524	0.6103894964531282	0.7921014219275816	0.0	-0.7921014219275816	0.6103894964531282	0.0	0.0	0.0	1.0	2.1499999999999995
3.1244877133222557	6.497658887137378	0.5577017124698725	0.8300414446930778	0.0	-0.8300414446930778	0.5577017124698725	0.0	0.0	0.0	1.0	2.16
3.1223134040550615	6.507086432152446	0.5025778180304907	0.8645319755935642	0.0	-0.8645319755935642	0.5025778180304907	0.0	0.0	0.0	1.0	2.17
3.1200491602921177	6.515639782771919	0.4452483775409619	0.8954071042253021	0.0	-0.8954071042253021	0.4452483775409619	0.0	0.0	0.0	1.0	2.1800000000000006
3.117703896371515	6.523285092529533	0.38595637018707274	0.9225170352421789	0.0	-0.9225170352421789	0.38595637018707274	0.0	0.0	0.0	1.0	2.1899999999999995
3.1152868473519417	6.5299920911928195	0.3249559705268983	0.9457291458017574	0.0	-0.9457291458017574	0.3249559705268983	0.0	0.0	0.0	1.0	2.2
3.1128075326088687	6.535734209968341	0.2625112254146658	0.9649289385914853	0.0	-0.9649289385914853	0.2625112254146658	0.0	0.0	0.0	1.0	2.21
3.110275718251774	6.540488691878896	0.19889463766208465	0.9800208789149689	0.0	-0.9800208789149689	0.19889463766208465	0.0	0.0	0.0	1.0	2.2200000000000006
3.1077013785140344	6.544236686672981	0.13438566825733692	0.9909291055201825	0.0	-0.9909291055201825	0.13438566825733692	0.0	0.0	0.0	1.0	2.2299999999999995
3.105094656273077	6.546963329703973	0.0692691702186449	0.9975980062416026	0.0	-0.9975980062416026	0.0692691702186449	0.0	0.0	0.0	1.0	2.24
3.102465822863649	6.548657804302645	0.0038337682332361513	0.9999926510835636	0.0	-0.9999926510835636	0.0038337682332361513	0.0	0.0	0.0	1.0	2.25
3.099825237351319	6.5493133872605345	-0.06162980090106995	0.9980990770664476	0.0	-0.9980990770664476	-0.06162980090106995	0.0	0.0	0.0	1.0	2.2600000000000007
3.0971833054366997	6.54892747714203	-0.1268303713732185	0.9919244209602521	0.0	-0.9919244209602521	-0.1268303713732185	0.0	0.0	0.0	1.0	2.2699999999999996
3.0945504381631386	6.547501605248153	-0.19147803893665774	0.9814968979089908	0.0	-0.9814968979089908	-0.19147803893665774	0.0	0.0	0.0	1.0	2.2800000000000002
3.0919370106019013	6.54504142916322	-0.2552858427576058	0.9668656258692513	0.0	-0.9668656258692513	-0.2552858427576058	0.0	0.0	0.0	1.0	2.29
3.089353320688973	6.541556708924875	-0.31797142242672155	0.9481002977111269	0.0	-0.9481002977111269	-0.31797142242672155	0.0	0.0	0.0	1.0	2.3000000000000007
3.0868095483866758	6.537061265966717	-0.37925863438051355	0.9252907047235631	0.0	-0.9252907047235631	-0.37925863438051355	0.0	0.0	0.0	1.0	2.3099999999999996
3.084315715341265	6.531572925088769	-0.43887911257717255	0.8985461170933151	0.0	-0.8985461170933151	-0.43887911257717255	0.0	0.0	0.0	1.0	2.3200000000000003
3.081881645204601	6.525113439812837	-0.4965737591006522	0.8679945286536358	0.0	-0.8679945286536358	-0.4965737591006522	0.0	0.0	0.0	1.0	2.33
3.0795169247839187	6.517708401575471	-0.5520941514103886	0.8337817747938863	0.0	-0.8337817747938863	-0.5520941514103886	0.0	0.0	0.0	1.0	2.34
3.0772308661787573	6.509387133299575	-0.6052038541888078	0.796070533856776	0.0	-0.796070533856776	-0.6052038541888078	0.0	0.0	0.0	1.0	2.3500000000000005
3.075032470058271	6.500182567965263	-0.6556796251397325	0.75503922360141	0.0	-0.75503922360141	-0.6556796251397325	0.0	0.0	0.0	1.0	2.3599999999999994
3.0729303902255767	6.490131112870526	-0.7033125056283801	0.7108808053582046	0.0	-0.7108808053582046	-0.7033125056283801	0.0	0.0	0.0	1.0	2.37
3.0709328996085707	6.479272500331994	-0.7479087886965586	0.6638015093312507	0.0	-0.6638015093312507	-0.7479087886965586	0.0	0.0	0.0	1.0	2.38
3.0690478578088833	6.467649625625059	-0.7892908587026269	0.614019495104569	0.0	-0.614019495104569	-0.7892908587026269	0.0	0.0	0.0	1.0	2.3900000000000006
3.0672826803324305	6.455308373001126	-0.8272978985905163	0.5617634617770328	0.0	-0.5617634617770328	-0.8272978985905163	0.0	0.0	0.0	1.0	2.3999999999999995
3.065644309616488	6.442297430647732	-0.8617864625535225	0.5072712222859543	0.0	-0.5072712222859543	-0.8617864625535225	0.0	0.0	0.0	1.0	2.41
3.064139187959451	6.428668095475611	-0.8926309135935577	0.45078825638777503	0.0	-0.45078825638777503	-0.8926309135935577	0.0	0.0	0.0	1.0	2.42
3.0627732324505295	6.414474068625991	-0.9197237271556812	0.39256625645470633	0.0	-0.39256625645470633	-0.9197237271556812	0.0	0.0	0.0	1.0	2.4300000000000006
3.061551811987676	6.399771242592947	-0.9429756636122151	0.3328616797336436	0.0	-0.3328616797336436	-0.9429756636122151	0.0	0.0	0.0	1.0	2.4399999999999995
3.0604797264631127	6.384617480850269	-0.9623158138564893	0.27193432001445245	0.0	-0.27193432001445245	-0.9623158138564893	0.0	0.0	0.0	1.0	2.45
3.0595611881869615	6.369072390861942	-0.9776915236209189	0.21004591079048937	0.0	-0.21004591079048937	-0.9776915236209189	0.0	0.0	0.0	1.0	2.46
3.05879980561075	6.353197091340821	-0.989068203340473	0.1474587709864995	0.0	-0.1474587709864995	-0.989068203340473	0.0	0.0	0.0	1.0	2.4700000000000006
3.0581985694040053	6.337053974603584	-0.9964290314261048	0.08443450320357643	0.0	-0.08443450320357643	-0.9964290314261048	0.0	0.0	0.0	1.0	2.4799999999999995
3.0577598409287328	6.320706464852297	-0.9997745596838576	0.021232753211690058	0.0	-0.021232753211690058	-0.9997745596838576	0.0	0.0	0.0	1.0	2.49
3.0574853431483726	6.30421877319591	-0.99912223030764	-0.04188996186543168	0.0	0.04188996186543168	-0.99912223030764	0.0	0.0	0.0	1.0	2.5
3.057376153999745	6.287655650209411	-0.9945058143850615	-0.10468135055637047	0.0	0.10468135055637047	-0.9945058143850615	0.0	0.0	0.0	1.0	2.5100000000000007
3.057432702248608	6.271082136815764	-0.9859747821873022	-0.1668943644665756	0.0	0.1668943644665756	-0.9859747821873022	0.0	0.0	0.0	1.0	2.5199999999999996
3.057654765841622	6.254563314266419	-0.9735936156703934	-0.22828813268729148	0.0	0.22828813268729148	-0.9735936156703934	0.0	0.0	0.0	1.0	2.5300000000000002
3.0580414727598013	6.2381640539912695	-0.957441073603944	-0.28862881106384203	0.0	0.28862881106384203	-0.957441073603944	0.0	0.0	0.0	1.0	2.54
3.0585913043708257	6.221948768088191	-0.937609419574155	-0.34769034545960015	0.0	0.34769034545960015	-0.937609419574155	0.0	0.0	0.0	1.0	2.5500000000000007
3.059302101269867	6.2059811612263385	-0.9142036227932109	-0.40525514934639484	0.0	0.40525514934639484	-0.9142036227932109	0.0	0.0	0.0	1.0	2.5599999999999996
3.060171071590814	6.190323984745419	-0.8873405412003649	-0.46111469716573084	0.0	0.46111469716573084	-0.8873405412003649	0.0	0.0	0.0	1.0	2.5700000000000003
3.061194801761898	6.175038793745199	-0.8571480957766349	-0.5150700359237459	0.0	0.5150700359237459	-0.8571480957766349	0.0	0.0	0.0	1.0	2.58
3.062369269671716	6.160185707974319	-0.8237644443306009	-0.5669322183971347	0.0	0.5669322183971347	-0.8237644443306009	0.0	0.0	0.0	1.0	2.59
3.063689860203476	6.145823177344517	-0.7873371622642074	-0.6165226621282831	0.0	0.6165226621282831	-0.7873371622642074	0.0	0.0	0.0	1.0	2.6000000000000005
3.0651513830869477	6.132007752914103	-0.7480224370109809	-0.663673439070868	0.0	0.663673439070868	-0.7480224370109809	0.0	0.0	0.0	1.0	2.6099999999999994
3.0667480930090902	6.118793864201824	-0.7059842819713603	-0.7082275013082893	0.0	0.7082275013082893	-0.7059842819713603	0.0	0.0	0.0	1.0	2.62
3.0684737119156256	6.1062336037076825	-0.6613937748670441	-0.7500388487052666	0.0	0.7500388487052666	-0.6613937748670441	0.0	0.0	0.0	1.0	2.63
3.0703214534270353	6.094376519529229	-0.6144283245134076	-0.7889726446687787	0.0	0.7889726446687787	-0.6144283245134076	0.0	0.0	0.0	1.0	2.6400000000000006
3.072284049283521	6.083269416969085	-0.5652709690814802	-0.8249052863897068	0.0	0.8249052863897068	-0.5652709690814802	0.0	0.0	0.0	1.0	2.6499999999999995
3.074353777724517	6.072956170030281	-0.5141097080014903	-0.8577244360158002	0.0	0.8577244360158002	-0.5141097080014903	0.0	0.0	0.0	1.0	2.66
3.0765224936994144	6.063477543689452	-0.4611368687621543	-0.8873290191739677	0.0	0.8873290191739677	-0.4611368687621543	0.0	0.0	0.0	1.0	2.67
3.0787816607973415	6.054871027822506	-0.40654850899428674	-0.9136291971224008	0.0	0.9136291971224008	-0.40654850899428674	0.0	0.0	0.0	1.0	2.6800000000000006
3.0811223847752127	6.047170683632632	-0.35054385340538036	-0.9365463185767735	0.0	0.9365463185767735	-0.35054385340538036	0.0	0.0	0.0	1.0	2.6899999999999995
3.0835354485549464	6.040407003395241	-0.2933247643616965	-0.9560128569282713	0.0	0.9560128569282713	-0.2933247643616965	0.0	0.0	0.0	1.0	2.7
3.0860113485528324	6.034606784288811	-0.2350952442053745	-0.9719723381619538	0.0	0.9719723381619538	-0.2350952442053745	0.0	0.0	0.0	1.0	2.71
