3.1409640328508117	6.286207389817359	1.0	0.0	0.0	-0.0	1.0	0.0	0.0	0.0	1.0	0.0
3.1415914378736502	6.286452909844831	0.9980640479693792	0.06219450257841725	0.0	-0.06219450257841725	0.9980640479693792	0.0	0.0	0.0	1.0	0.010000000000000002
3.141587746295312	6.286699942554541	0.9921851405991329	0.12477438348587079	0.0	-0.12477438348587079	0.9921851405991329	0.0	0.0	0.0	1.0	0.019999999999999997
3.1415815932991076	6.286945031458915	0.9823858452062232	0.18686372344158927	0.0	-0.18686372344158927	0.9823858452062232	0.0	0.0	0.0	1.0	0.03
3.1415730031671614	6.287187209341445	0.9687044280552021	0.248217104701195	0.0	-0.248217104701195	0.9687044280552021	0.0	0.0	0.0	1.0	0.039999999999999994
3.1415620097994874	6.287425520473585	0.9511945126245074	0.3085919622301044	0.0	-0.3085919622301044	0.9511945126245074	0.0	0.0	0.0	1.0	0.05
3.141548656580207	6.287659024386444	0.9299248744499252	0.36774954504294227	0.0	-0.36774954504294227	0.9299248744499252	0.0	0.0	0.0	1.0	0.06
3.14153299620634	6.287886799582205	0.9049791756682897	0.4254558632887117	0.0	-0.4254558632887117	0.9049791756682897	0.0	0.0	0.0	1.0	0.07
3.1415150904798397	6.288107947170728	0.8764556402116196	0.4814826172783811	0.0	-0.4814826172783811	0.8764556402116196	0.0	0.0	0.0	1.0	0.08000000000000002
3.141495010063702	6.288321594416911	0.8444666708448462	0.5356081047111053	0.0	-0.5356081047111053	0.8444666708448462	0.0	0.0	0.0	1.0	0.09
3.1414728342031	6.288526898184829	0.8091384094800179	0.5876181024306067	0.0	-0.5876181024306067	0.8091384094800179	0.0	0.0	0.0	1.0	0.1
3.141448650412656	6.288723048265093	0.7706102424351611	0.637306719134533	0.0	-0.637306719134533	0.7706102424351611	0.0	0.0	0.0	1.0	0.11000000000000001
3.141422554131074	6.28890927057226	0.729034252535781	0.6844772155664461	0.0	-0.6844772155664461	0.729034252535781	0.0	0.0	0.0	1.0	0.12
3.1413946483444994	6.289084830199678	0.6845746201801957	0.7289427888422663	0.0	-0.7289427888422663	0.6845746201801957	0.0	0.0	0.0	1.0	0.13
3.1413650431801	6.289249034319724	0.6374069757054219	0.770527317700072	0.0	-0.770527317700072	0.6374069757054219	0.0	0.0	0.0	1.0	0.14
3.141333855471457	6.289401234918008	0.5877177055970713	0.809066065613751	0.0	-0.809066065613751	0.5877177055970713	0.0	0.0	0.0	1.0	0.15000000000000002
3.1413012082975005	6.289540831350695	0.5357032152836775	0.8444063388764498	0.0	-0.8444063388764498	0.5357032152836775	0.0	0.0	0.0	1.0	0.16000000000000003
3.1412672304967897	6.28966727271489	0.48156915144200163	0.8764080969385385	0.0	-0.8764080969385385	0.48156915144200163	0.0	0.0	0.0	1.0	0.17000000000000004
3.1412320561590605	6.2897800600227605	0.425529586914202	0.9049445124761124	0.0	-0.9049445124761124	0.425529586914202	0.0	0.0	0.0	1.0	0.18
3.1411958240960645	6.289878748170737	0.36780617149943456	0.929902478869117	0.0	-0.929902478869117	0.36780617149943456	0.0	0.0	0.0	1.0	0.19
3.1411586772937574	6.2899629476961065	0.30862725203049973	0.9511830629821488	0.0	-0.9511830629821488	0.30862725203049973	0.0	0.0	0.0	1.0	0.2
3.141120762348017	6.290032326313995	0.24822696527991187	0.9687019013648758	0.0	-0.9687019013648758	0.24822696527991187	0.0	0.0	0.0	1.0	0.21000000000000002
3.141082228886124	6.290086610228694	0.18684430735841595	0.9823895382218573	0.0	-0.9823895382218573	0.18684430735841595	0.0	0.0	0.0	1.0	0.22000000000000003
3.1410432289762706	6.290125585214216	0.1247221833718896	0.9921917037422501	0.0	-0.9921917037422501	0.1247221833718896	0.0	0.0	0.0	1.0	0.23000000000000004
3.141003916527438	6.290149097459703	0.062106441189192826	0.9980695316273377	0.0	-0.9980695316273377	0.062106441189192826	0.0	0.0	0.0	1.0	0.24
3.140964446682011	6.2901570541764515	-0.0007551067566070739	0.9999997149068525	0.0	-0.9999997149068525	-0.0007551067566070739	0.0	0.0	0.0	1.0	0.25
3.140924975203525	6.290149423964069	-0.06361366965854168	0.9979745993924766	0.0	-0.9979745993924766	-0.06361366965854168	0.0	0.0	0.0	1.0	0.26
3.1408856578619595	6.29012623693442	-0.12622046850725135	0.992002214377473	0.0	-0.992002214377473	-0.12622046850725135	0.0	0.0	0.0	1.0	0.27
3.1408466498190086	6.2900875845927935	-0.18832772621579974	0.9821062404538456	0.0	-0.9821062404538456	-0.18832772621579974	0.0	0.0	0.0	1.0	0.28
3.140808105015751	6.290033619476762	-0.24968965367008564	0.9683259145815074	0.0	-0.9683259145815074	-0.24968965367008564	0.0	0.0	0.0	1.0	0.29000000000000004
3.140770175565134	6.289964554554212	-0.3100634276950843	0.9507158728063686	0.0	-0.9507158728063686	-0.3100634276950843	0.0	0.0	0.0	1.0	0.30000000000000004
3.140733011151681	6.289880662382871	-0.36921015696273124	0.9293459312847694	0.0	-0.9293459312847694	-0.36921015696273124	0.0	0.0	0.0	1.0	0.31000000000000005
3.140696758440773	6.2897822740346765	-0.4268958319203385	0.9043008065290233	0.0	-0.9043008065290233	-0.4268958319203385	0.0	0.0	0.0	1.0	0.32000000000000006
3.1406615604998493	6.289669777789215	-0.4828922548886166	0.875679776041783	0.0	-0.875679776041783	-0.4828922548886166	0.0	0.0	0.0	1.0	0.33000000000000007
3.140627556233805	6.289543617601409	-0.5369779465653598	0.8435962807542774	0.0	-0.8435962807542774	-0.5369779465653598	0.0	0.0	0.0	1.0	0.3400000000000001
3.140594879836824	6.289404291349464	-0.5889390252741282	0.8081774709240291	0.0	-0.8081774709240291	-0.5889390252741282	0.0	0.0	0.0	1.0	0.3500000000000001
3.140563660262789	6.289252348870028	-0.6385700554162412	0.7695636973803394	0.0	-0.7695636973803394	-0.6385700554162412	0.0	0.0	0.0	1.0	0.36
3.1405340207163834	6.289088389788307	-0.6856748617184514	0.7279079502295484	0.0	-0.7279079502295484	-0.6856748617184514	0.0	0.0	0.0	1.0	0.37
3.1405060781668754	6.288913061151668	-0.7300673060170703	0.6833752473458323	0.0	-0.6833752473458323	-0.7300673060170703	0.0	0.0	0.0	1.0	0.38
3.140479942886512	6.288727054876156	-0.7715720234812775	0.636141975176145	0.0	-0.636141975176145	-0.7715720234812775	0.0	0.0	0.0	1.0	0.39
3.140455718015345	6.2885311050158785	-0.8100251153529565	0.5863951845789918	0.0	-0.5863951845789918	-0.8100251153529565	0.0	0.0	0.0	1.0	0.4
3.1404334991541982	6.288325984866147	-0.8452747954668223	0.5343318445952121	0.0	-0.5343318445952121	-0.8452747954668223	0.0	0.0	0.0	1.0	0.41000000000000003
3.140413373987389	6.2881125039117105	-0.8771819880117936	0.4801580572141609	0.0	-0.4801580572141609	-0.8771819880117936	0.0	0.0	0.0	1.0	0.42000000000000004
3.1403954219366965	6.287891504632236	-0.9056208742015562	0.4240882363499478	0.0	-0.4240882363499478	-0.9056208742015562	0.0	0.0	0.0	1.0	0.43000000000000005
3.1403797138479272	6.287663859177558	-0.9304793857379913	0.366344254379198	0.0	-0.366344254379198	-0.9304793857379913	0.0	0.0	0.0	1.0	0.44000000000000006
3.1403663117113396	6.28743046592581	-0.9516596431745512	0.30715455971364974	0.0	-0.30715455971364974	-0.9516596431745512	0.0	0.0	0.0	1.0	0.45000000000000007
3.140355268416998	6.287192245938089	-0.9690783375166475	0.2467532689874051	0.0	-0.2467532689874051	-0.9690783375166475	0.0	0.0	0.0	1.0	0.4600000000000001
3.1403466275460548	6.286950139323598	-0.9826670536315689	0.18537923752958788	0.0	-0.18537923752958788	-0.9826670536315689	0.0	0.0	0.0	1.0	0.4700000000000001
3.14034042319876	6.2867051015296305	-0.9923725342802902	0.12327511186818914	0.0	-0.12327511186818914	-0.9923725342802902	0.0	0.0	0.0	1.0	0.48
3.1403366798598897	6.286458099571006	-0.9981568838266213	0.060686368070013354	0.0	-0.060686368070013354	-0.9981568838266213	0.0	0.0	0.0	1.0	0.49
3.1403354123021194	6.286210108213851	-0.9999977109244189	-0.002139660235256313	0.0	0.002139660235256313	-0.9999977109244189	0.0	0.0	0.0	1.0	0.5
3.1403366255277274	6.28596210612884	-0.997888209729948	-0.06495476027174142	0.0	0.06495476027174142	-0.997888209729948	0.0	0.0	0.0	1.0	0.51
3.140340314748851	6.285715072028987	-0.9918371794328791	-0.1275108210883728	0.0	0.1275108210883728	-0.9918371794328791	0.0	0.0	0.0	1.0	0.52
3.140346465406385	6.285469980807269	-0.9818689821448258	-0.18956081320221183	0.0	0.18956081320221183	-0.9818689821448258	0.0	0.0	0.0	1.0	0.53
3.140355053227433	6.285227799689345	-0.9680234394277502	-0.2508597630519271	0.0	0.2508597630519271	-0.9680234394277502	0.0	0.0	0.0	1.0	0.54
3.1403660443211017	6.284989484416526	-0.9503556679850463	-0.3111657184342396	0.0	0.3111657184342396	-0.9503556679850463	0.0	0.0	0.0	1.0	0.55
3.140379395312243	6.284755975474038	-0.9289358552747374	-0.370240701145879	0.0	0.370240701145879	-0.9289358552747374	0.0	0.0	0.0	1.0	0.56
3.140395053512632	6.284528194379546	-0.9038489760360967	-0.42785164311768115	0.0	0.42785164311768115	-0.9038489760360967	0.0	0.0	0.0	1.0	0.5700000000000001
3.140412957128891	6.284307040046474	-0.8751944509473243	-0.4837713024053947	0.0	0.4837713024053947	-0.8751944509473243	0.0	0.0	0.0	1.0	0.5799999999999998
3.140433035506353	6.284093385236546	-0.8430857488518747	-0.5377791554931018	0.0	0.5377791554931018	-0.8430857488518747	0.0	0.0	0.0	1.0	0.5900000000000001
3.1404552094078886	6.283888073115529	-0.8076499342039246	-0.5896622624692854	0.0	0.5896622624692854	-0.8076499342039246	0.0	0.0	0.0	1.0	0.5999999999999999
3.140479391326608	6.283691913925775	-0.7690271615885793	-0.6392161017519922	0.0	0.6392161017519922	-0.7690271615885793	0.0	0.0	0.0	1.0	0.6100000000000001
3.1405054858311923	6.283505681788678	-0.727370119369177	-0.6862453711675361	0.0	0.6862453711675361	-0.727370119369177	0.0	0.0	0.0	1.0	0.6199999999999999
3.1405333899425125	6.283330111649686	-0.682843424701769	-0.7305647523262806	0.0	0.7305647523262806	-0.682843424701769	0.0	0.0	0.0	1.0	0.6300000000000001
3.1405629935400112	6.283165896377905	-0.6356229723351378	-0.7719996353884144	0.0	0.7719996353884144	-0.6356229723351378	0.0	0.0	0.0	1.0	0.6399999999999999
3.140594179796289	6.283013684031735	-0.5858952397829263	-0.8103868014718079	0.0	0.8103868014718079	-0.5858952397829263	0.0	0.0	0.0	1.0	0.6500000000000001
3.1406268256381464	6.28287407530137	-0.5338565516123122	-0.8455750601221697	0.0	0.8455750601221697	-0.5338565516123122	0.0	0.0	0.0	1.0	0.6599999999999999
3.140660802232284	6.282747621138237	-0.479712305740588	-0.8774258394423136	0.0	0.8774258394423136	-0.479712305740588	0.0	0.0	0.0	1.0	0.6700000000000002
3.140695975493725	6.282634820580679	-0.42367616476688363	-0.9058137266615165	0.0	0.9058137266615165	-0.42367616476688363	0.0	0.0	0.0	1.0	0.6799999999999999
3.1407322066149663	6.28253611878455	-0.3659692154904915	-0.9306269571172298	0.0	0.9306269571172298	-0.3659692154904915	0.0	0.0	0.0	1.0	0.6900000000000002
3.1407693526137703	6.282451905266425	-0.30681909987988054	-0.9517678498189042	0.0	0.9517678498189042	-0.30681909987988054	0.0	0.0	0.0	1.0	0.7
3.1408072668974283	6.282382512366413	-0.24645912085693228	-0.9691531879669117	0.0	0.9691531879669117	-0.24645912085693228	0.0	0.0	0.0	1.0	0.71
3.1408457998412715	6.2823282139365695	-0.18512732634932258	-0.9827145430076586	0.0	0.9827145430076586	-0.18512732634932258	0.0	0.0	0.0	1.0	0.72
3.1408847993791547	6.282289224260166	-0.12306557513984738	-0.9923985410184251	0.0	0.9923985410184251	-0.12306557513984738	0.0	0.0	0.0	1.0	0.73
3.1409241116035633	6.282265697206031	-0.06051858810491594	-0.9981670704314922	0.0	0.9981670704314922	-0.06051858810491594	0.0	0.0	0.0	1.0	0.74
3.1409635813729975	6.282257725621328	0.0022670115148156035	-0.9999974303260943	0.0	0.9999974303260943	0.0022670115148156035	0.0	0.0	0.0	1.0	0.75
3.1410030529242228	6.282265340965108	0.06504366513070149	-0.997882418737982	0.0	0.997882418737982	0.06504366513070149	0.0	0.0	0.0	1.0	0.76
3.141042370486972	6.282288513184191	0.12756384940307552	-0.9918303606592559	0.0	0.9918303606592559	0.12756384940307552	0.0	0.0	0.0	1.0	0.77
3.141081378898678	6.282327150831731	0.18958104670040554	-0.9818650756249448	0.0	0.9818650756249448	0.18958104670040554	0.0	0.0	0.0	1.0	0.78
3.141119924216808	6.282381101428154	0.25085071170262974	-0.9680257850069307	0.0	0.9680257850069307	0.25085071170262974	0.0	0.0	0.0	1.0	0.79
3.1411578543263814	6.282450152062866	0.3111312304440617	-0.950366959359575	0.0	0.950366959359575	0.3111312304440617	0.0	0.0	0.0	1.0	0.8
3.1411950195402745	6.282534030234523	0.3701848681174901	-0.9289581063841559	0.0	0.9289581063841559	0.3701848681174901	0.0	0.0	0.0	1.0	0.81
3.1412312731899483	6.282632404926443	0.4277787020001336	-0.9038835003002771	0.0	0.9038835003002771	0.4277787020001336	0.0	0.0	0.0	1.0	0.8200000000000001
3.14126647220426	6.282744887912923	0.48368553591388225	-0.8752418536311554	0.0	0.8752418536311554	0.48368553591388225	0.0	0.0	0.0	1.0	0.8300000000000001
3.141300477674075	6.282871035291377	0.5376847926966453	-0.8431459326254059	0.0	0.8431459326254059	0.5376847926966453	0.0	0.0	0.0	1.0	0.8399999999999999
3.1413331554004613	6.283010349234146	0.5895633812385537	-0.8077221177500117	0.0	0.8077221177500117	0.5895633812385537	0.0	0.0	0.0	1.0	0.8500000000000001
3.1413643764242885	6.283162279953158	0.6391165347260205	-0.769109910896878	0.0	0.769109910896878	0.6391165347260205	0.0	0.0	0.0	1.0	0.8599999999999999
3.141394017535153	6.283326227869617	0.6861486168381602	-0.7274613911480662	0.0	0.7274613911480662	0.6861486168381602	0.0	0.0	0.0	1.0	0.8700000000000001
3.1414219617576125	6.2835015459802195	0.7304738927534704	-0.6829406211418322	0.0	0.6829406211418322	0.7304738927534704	0.0	0.0	0.0	1.0	0.8799999999999999
3.1414480988128175	6.283687542410462	0.7719172619499086	-0.6357230062721942	0.0	0.6357230062721942	0.7719172619499086	0.0	0.0	0.0	1.0	0.8900000000000001
3.1414723255537136	6.283883483145087	0.8103149499180865	-0.5859946091383853	0.0	0.5859946091383853	0.8103149499180865	0.0	0.0	0.0	1.0	0.8999999999999999
3.1414945463720967	6.284088594924807	0.845515156055149	-0.5339514218363288	0.0	0.5339514218363288	0.845515156055149	0.0	0.0	0.0	1.0	0.9100000000000001
3.1415146735759256	6.2843020682978885	0.8773786551654139	-0.4797985988517784	0.0	0.4797985988517784	0.8773786551654139	0.0	0.0	0.0	1.0	0.9199999999999999
3.1415326277353826	6.2845230608145854	0.9057793501628832	-0.42374965347302046	0.0	0.42374965347302046	0.9057793501628832	0.0	0.0	0.0	1.0	0.9300000000000002
3.1415483379963365	6.28475070035176	0.930604773749579	-0.3660256207897135	0.0	0.3660256207897135	0.930604773749579	0.0	0.0	0.0	1.0	0.94
3.1415617423599596	6.2849840885546335	0.9517565370320935	-0.30685419048251134	0.0	0.30685419048251134	0.9517565370320935	0.0	0.0	0.0	1.0	0.9500000000000002
3.141572787927397	6.285222304382026	0.9691507232359857	-0.24646881273533516	0.0	0.24646881273533516	0.9691507232359857	0.0	0.0	0.0	1.0	0.96
3.141581431108527	6.285464407741153	0.9827182248833298	-0.1851077807174978	0.0	0.1851077807174978	0.9827182248833298	0.0	0.0	0.0	1.0	0.97
3.1415876377939824	6.285709443197571	0.9924050230120265	-0.12301329318614013	0.0	0.12301329318614013	0.9924050230120265	0.0	0.0	0.0	1.0	0.98
3.1415913834897604	6.285956443745689	0.9981724072358743	-0.060430500849654095	0.0	0.060430500849654095	0.9981724072358743	0.0	0.0	0.0	1.0	0.99
3.1415926534138827	6.286204434624937	0.9999971356710141	0.002393459790243802	0.0	-0.002393459790243802	0.9999971356710141	0.0	0.0	0.0	1.0	1.0
3.1415914425547338	6.286452437166528	0.9978715339865302	0.06521044133702196	0.0	-0.06521044133702196	0.9978715339865302	0.0	0.0	0.0	1.0	1.0100000000000002
3.1415877556908365	6.286699472655654	0.9918035330737633	0.12777226530980956	0.0	-0.12777226530980956	0.9918035330737633	0.0	0.0	0.0	1.0	1.02
3.141581607371994	6.286944566193851	0.9818166450695526	0.18983170300128582	0.0	-0.18983170300128582	0.9818166450695526	0.0	0.0	0.0	1.0	1.0300000000000002
3.141573021861873	6.287186750546319	0.9679498777121041	0.2511434535024217	0.0	-0.2511434535024217	0.9679498777121041	0.0	0.0	0.0	1.0	1.04
3.1415620330422476	6.287425069958989	0.9502575872535456	0.3114651150081986	0.0	-0.3114651150081986	0.9502575872535456	0.0	0.0	0.0	1.0	1.0500000000000003
3.14154868427929	6.28765858393028	0.9288092703995877	0.37055814553155575	0.0	-0.37055814553155575	0.9288092703995877	0.0	0.0	0.0	1.0	1.06
3.1415330282524336	6.287886370922691	0.9036892959929027	0.4281888091810104	0.0	-0.4281888091810104	0.9036892959929027	0.0	0.0	0.0	1.0	1.0700000000000003
3.1415151267464783	6.288107531999528	0.874996577401899	0.48412910420151667	0.0	-0.48412910420151667	0.874996577401899	0.0	0.0	0.0	1.0	1.08
3.1414950504077623	6.2883211943724495	0.8428441868193478	0.538157669038389	0.0	-0.538157669038389	0.8428441868193478	0.0	0.0	0.0	1.0	1.0900000000000003
3.141472878465369	6.288526514845845	0.8073589129148233	0.5900606627601902	0.0	-0.5900606627601902	0.8073589129148233	0.0	0.0	0.0	1.0	1.1
3.1414486984184573	6.288722683144398	0.7686807635198922	0.6396326162684918	0.0	-0.6396326162684918	0.7686807635198922	0.0	0.0	0.0	1.0	1.1100000000000003
3.1414226056909587	6.28890892511076	0.7269624152545389	0.6866772508298842	0.0	-0.6866772508298842	0.7269624152545389	0.0	0.0	0.0	1.0	1.12
3.1413947032549894	6.289084505760697	0.6823686122260713	0.7310082605885283	0.0	-0.7310082605885283	0.6823686122260713	0.0	0.0	0.0	1.0	1.1300000000000003
3.1413651012244985	6.28924873218363	0.6350755161469465	0.7724500558551923	0.0	-0.7724500558551923	0.6350755161469465	0.0	0.0	0.0	1.0	1.1400000000000001
3.1413339164206997	6.289400956277152	0.585270010424137	0.8108384641210177	0.0	-0.8108384641210177	0.585270010424137	0.0	0.0	0.0	1.0	1.1500000000000004
3.1413012719110567	6.2895405773047	0.5331489609692293	0.8460213859102093	0.0	-0.8460213859102093	0.5331489609692293	0.0	0.0	0.0	1.0	1.1599999999999997
3.1412672965236137	6.289667044266326	0.4789184366639152	0.8778594027652671	0.0	-0.8778594027652671	0.4789184366639152	0.0	0.0	0.0	1.0	1.17
3.141232124338586	6.2897798580731745	0.42279289258943775	0.906226334850106	0.0	-0.906226334850106	0.42279289258943775	0.0	0.0	0.0	1.0	1.1800000000000002
3.1411958941592273	6.289878573517107	0.3649943192894427	0.9310097458600723	0.0	-0.9310097458600723	0.3649943192894427	0.0	0.0	0.0	1.0	1.19
3.1411587489640596	6.2899628010276825	0.30575136148326437	0.9521113931421734	0.0	-0.9521113931421734	0.30575136148326437	0.0	0.0	0.0	1.0	1.2000000000000002
3.14112083534262	6.290032208209579	0.24529840977965509	0.9694476211531866	0.0	-0.9694476211531866	0.24529840977965509	0.0	0.0	0.0	1.0	1.21
3.141082302916962	6.290086521154383	0.1838746690589213	0.9829496966165016	0.0	-0.9829496966165016	0.1838746690589213	0.0	0.0	0.0	1.0	1.2200000000000002
3.1410433037511885	6.290125525521538	0.12172320729367099	0.9925640839795394	0.0	-0.9925640839795394	0.12172320729367099	0.0	0.0	0.0	1.0	1.23
3.141003991751344	6.290149067384225	0.059089988664182545	0.998252660021333	0.0	-0.998252660021333	0.059089988664182545	0.0	0.0	0.0	1.0	1.2400000000000002
3.140964522058043	6.290157053836857	-0.0037771051064210076	0.9999928667130658	0.0	-0.9999928667130658	-0.0037771051064210076	0.0	0.0	0.0	1.0	1.25
3.140925050434219	6.290149453361706	-0.06662926122019218	0.9977778016919657	0.0	-0.9977778016919657	-0.06662926122019218	0.0	0.0	0.0	1.0	1.2600000000000002
3.140885732650426	6.290126295953274	-0.12921772606404058	0.9916162459695983	0.0	-0.9916162459695983	-0.12921772606404058	0.0	0.0	0.0	1.0	1.27
3.140846723870102	6.2900876729999515	-0.19129479523285706	0.981532628758117	0.0	-0.981532628758117	-0.19129479523285706	0.0	0.0	0.0	1.0	1.2800000000000002
3.1408081780372363	6.290033736923333	-0.25261479928874786	0.9675669295611058	0.0	-0.9675669295611058	-0.25261479928874786	0.0	0.0	0.0	1.0	1.29
3.1407702472688404	6.2899647005767045	-0.31293508124787134	0.9497745179380148	0.0	-0.9497745179380148	-0.31293508124787134	0.0	0.0	0.0	1.0	1.3000000000000003
3.1407330812546372	6.289880836405024	-0.372016961822647	0.9282259316116133	0.0	-0.9282259316116133	-0.372016961822647	0.0	0.0	0.0	1.0	1.31
3.1406968266663244	6.2897824753697265	-0.42962668850104224	0.9030065938450442	0.0	-0.9030065938450442	-0.42962668850104224	0.0	0.0	0.0	1.0	1.3200000000000003
3.1406616265787517	6.289670005642621	-0.48553636461549976	0.8742164712678231	0.0	-0.8742164712678231	-0.48553636461549976	0.0	0.0	0.0	1.0	1.33
3.140627619905285	6.289543871073967	-0.5395248546418998	0.8419696735771645	0.0	-0.8419696735771645	-0.5395248546418998	0.0	0.0	0.0	1.0	1.3400000000000003
3.1405949408496094	6.289404569440868	-0.5913786620728397	0.8063939967813115	0.0	-0.8063939967813115	-0.5913786620728397	0.0	0.0	0.0	1.0	1.35
3.1405637183760984	6.2892526504828155	-0.6408927763293067	0.7676304118838134	0.0	-0.7676304118838134	-0.6408927763293067	0.0	0.0	0.0	1.0	1.3600000000000003
3.1405340757008795	6.289088713732189	-0.6878714853094446	0.7258325011310658	0.0	-0.7258325011310658	-0.6878714853094446	0.0	0.0	0.0	1.0	1.37
3.1405061298055674	6.2889134061482475	-0.7321291503222619	0.6811658441586769	0.0	-0.6811658441586769	-0.7321291503222619	0.0	0.0	0.0	1.0	1.3800000000000003
3.140479990975615	6.288727419563935	-0.7734909403165993	0.6338073565746482	0.0	-0.6338073565746482	-0.7734909403165993	0.0	0.0	0.0	1.0	1.3900000000000001
3.1404557623650793	6.288531487955653	-0.811793522490963	0.583944583707833	0.0	-0.583944583707833	-0.811793522490963	0.0	0.0	0.0	1.0	1.4000000000000004
3.1404335395895413	6.288326384546678	-0.8468857065566994	0.531774952428149	0.0	-0.531774952428149	-0.8468857065566994	0.0	0.0	0.0	1.0	1.4099999999999997
3.1404134103487684	6.288112918755709	-0.8786290401247484	0.47750498410955167	0.0	-0.47750498410955167	-0.8786290401247484	0.0	0.0	0.0	1.0	1.42
3.1403954540806143	6.287891933002571	-0.9068983528935984	0.42134947195751665	0.0	-0.42134947195751665	-0.9068983528935984	0.0	0.0	0.0	1.0	1.4300000000000002
3.1403797416475334	6.287664299383705	-0.93158224753227	0.36353062605882935	0.0	-0.36353062605882935	-0.93158224753227	0.0	0.0	0.0	1.0	1.44
3.1403663350569246	6.287430916230544	-0.9525835353758759	0.3042771896327385	0.0	-0.3042771896327385	-0.9525835353758759	0.0	0.0	0.0	1.0	1.4500000000000002
3.1403552872164315	6.287192704564334	-0.9698196152816347	0.24382353006833085	0.0	-0.24382353006833085	-0.9698196152816347	0.0	0.0	0.0	1.0	1.46
3.140346641725146	6.286950604461435	-0.9832227942289602	0.18240870842313453	0.0	-0.18240870842313453	-0.9832227942289602	0.0	0.0	0.0	1.0	1.4700000000000002
3.1403404327015534	6.286705571343443	-0.9927405484872794	0.12027553113237854	0.0	-0.12027553113237854	-0.9927405484872794	0.0	0.0	0.0	1.0	1.48
3.1403366846488834	6.286458572206719	-0.9983357244185382	0.05766958773662713	0.0	-0.05766958773662713	-0.9983357244185382	0.0	0.0	0.0	1.0	1.4900000000000002
3.140335412358414	6.286210581806264	-0.9999866782267297	-0.005161721522044071	0.0	0.005161721522044071	-0.9999866782267297	0.0	0.0	0.0	1.0	1.5
3.1403366208511008	6.285962578808973	-0.9976873542132472	-0.06797016435886195	0.0	0.06797016435886195	-0.9976873542132472	0.0	0.0	0.0	1.0	1.5100000000000002
3.140340305357759	6.285715541931455	-0.9914473013432896	-0.1305076574730707	0.0	0.1305076574730707	-0.9914473013432896	0.0	0.0	0.0	1.0	1.52
3.140346451337889	6.285470446077656	-0.9812916281739501	-0.19252724606070257	0.0	0.19252724606070257	-0.9812916281739501	0.0	0.0	0.0	1.0	1.5300000000000002
3.140355034537053	6.285228258491511	-0.967260896437992	-0.2537840779520502	0.0	0.2537840779520502	-0.967260896437992	0.0	0.0	0.0	1.0	1.54
3.1403660210825963	6.284989934939854	-0.9494109538176871	-0.31403636854827766	0.0	0.31403636854827766	-0.9494109538176871	0.0	0.0	0.0	1.0	1.5500000000000003
3.140379367617321	6.284756415940592	-0.9278127066795724	-0.37304635278196474	0.0	0.37304635278196474	-0.9278127066795724	0.0	0.0	0.0	1.0	1.56
3.140395021470588	6.284528623051072	-0.9025518337726547	-0.4305812203912499	0.0	0.4305812203912499	-0.9025518337726547	0.0	0.0	0.0	1.0	1.5700000000000003
3.1404129208661757	6.284307455231263	-0.8737284421186995	-0.4864140308757864	0.0	0.4864140308757864	-0.8737284421186995	0.0	0.0	0.0	1.0	1.58
3.140432995166072	6.284093785296115	-0.841456666542895	-0.540324604594793	0.0	0.540324604594793	-0.841456666542895	0.0	0.0	0.0	1.0	1.5900000000000003
3.1404551651492403	6.283888456471085	-0.8058642145058054	-0.5921003865721939	0.0	0.5921003865721939	-0.8058642145058054	0.0	0.0	0.0	1.0	1.6
3.140479343324255	6.283692279064449	-0.7670918581022436	-0.641537279690937	0.0	0.641537279690937	-0.7670918581022436	0.0	0.0	0.0	1.0	1.6100000000000003
3.1405054342745733	6.283506027269491	-0.7252928752890978	-0.6884404440871217	0.0	0.6884404440871217	-0.7252928752890978	0.0	0.0	0.0	1.0	1.62
3.140533335035088	6.283330436109229	-0.6806324425914279	-0.732625059694266	0.0	0.732625059694266	-0.6806324425914279	0.0	0.0	0.0	1.0	1.6300000000000003
3.140562935498469	6.283166198535732	-0.6332869817139931	-0.7739170490379318	0.0	0.7739170490379318	-0.6332869817139931	0.0	0.0	0.0	1.0	1.6400000000000001
3.1405941188496835	6.283013962695411	-0.5834434626530851	-0.8121537575406385	0.0	0.8121537575406385	-0.5834434626530851	0.0	0.0	0.0	1.0	1.6500000000000004
3.1406267620269968	6.28287432937118	-0.5312986660609125	-0.8471845887655742	0.0	0.8471845887655742	-0.5312986660609125	0.0	0.0	0.0	1.0	1.6600000000000001
3.1406607362076246	6.282747849611521	-0.4770584077611611	-0.8788715922046779	0.0	0.8788715922046779	-0.4770584077611611	0.0	0.0	0.0	1.0	1.67
3.140695907316113	6.282635022555784	-0.42093672844966884	-0.9070900014012335	0.0	0.9070900014012335	-0.42093672844966884	0.0	0.0	0.0	1.0	1.6800000000000002
3.140732136553458	6.282536293464399	-0.3631550517378339	-0.9317287203887682	0.0	0.9317287203887682	-0.3631550517378339	0.0	0.0	0.0	1.0	1.69
3.140769280944857	6.28245205196167	-0.3039413138083245	-0.9526907566259208	0.0	0.9526907566259208	-0.3039413138083245	0.0	0.0	0.0	1.0	1.7000000000000002
3.140807193903943	6.282382630498134	-0.24352906805260371	-0.9698935988104214	0.0	0.9698935988104214	-0.24352906805260371	0.0	0.0	0.0	1.0	1.71
3.140845725811275	6.282328303038564	-0.18215656814741582	-0.983269538163751	0.0	0.983269538163751	-0.18215656814741582	0.0	0.0	0.0	1.0	1.7200000000000002
3.1408847246047986	6.282289283980807	-0.12006583310272771	-0.9927659319906923	0.0	0.9927659319906923	-0.12006583310272771	0.0	0.0	0.0	1.0	1.73
3.1409240363799364	6.282265727309641	-0.05750169787629144	-0.9983454085342125	0.0	0.9983454085342125	-0.05750169787629144	0.0	0.0	0.0	1.0	1.7400000000000002
3.140963505996962	6.282257725989094	0.005289146799837228	-0.999986012365238	0.0	0.999986012365238	0.005289146799837228	0.0	0.0	0.0	1.0	1.75
3.1410029776932418	6.282265311595588	0.06805912169824498	-0.9976812897682624	0.0	0.9976812897682624	0.06805912169824498	0.0	0.0	0.0	1.0	1.7600000000000002
3.141042295697937	6.2822884541932815	0.13056072977337219	-0.9914403138066581	0.0	0.9914403138066581	0.13056072977337219	0.0	0.0	0.0	1.0	1.77
3.141081304846736	6.282327062452239	0.1925475265182129	-0.9812876489754258	0.0	0.9812876489754258	0.1925475265182129	0.0	0.0	0.0	1.0	1.7800000000000002
3.1411198511941976	6.282380984008855	0.2537750862828338	-0.9672632555732386	0.0	0.9672632555732386	0.2537750862828338	0.0	0.0	0.0	1.0	1.79
3.141157782621277	6.282450006067149	0.3140019608512126	-0.9494223341493466	0.0	0.9494223341493466	0.3140019608512126	0.0	0.0	0.0	1.0	1.8000000000000003
3.1411949494356532	6.282533856238545	0.37299062659970206	-0.9278351106035823	0.0	0.9278351106035823	0.37299062659970206	0.0	0.0	0.0	1.0	1.81
3.1412312049624713	6.2826322036168545	0.4305084166002429	-0.9025865627386394	0.0	0.9025865627386394	0.4305084166002429	0.0	0.0	0.0	1.0	1.8200000000000003
3.1412664061231785	6.282744660084173	0.4863284340837754	-0.8737760892823876	0.0	0.8737760892823876	0.4863284340837754	0.0	0.0	0.0	1.0	1.83
3.1413004140001717	6.282870781842566	0.540230443744436	-0.8415171226134914	0.0	0.8415171226134914	0.540230443744436	0.0	0.0	0.0	1.0	1.8400000000000003
3.141333094385018	6.2830100711654815	0.5920017374426092	-0.8059366866354529	0.0	0.8059366866354529	0.5920017374426092	0.0	0.0	0.0	1.0	1.85
3.141364318308098	6.283161978362012	0.6414379709548843	-0.7671749014516057	0.0	0.7671749014516057	0.6414379709548843	0.0	0.0	0.0	1.0	1.8600000000000003
3.141393962547563	6.283325903946191	0.6883439685209601	-0.7253844366960293	0.0	0.7253844366960293	0.6883439685209601	0.0	0.0	0.0	1.0	1.87
3.1414219101156267	6.283501201002839	0.7325344920516743	-0.6807299155719511	0.0	0.6807299155719511	0.7325344920516743	0.0	0.0	0.0	1.0	1.8800000000000003
3.1414480507202347	6.283687177740542	0.7738349719880009	-0.6333872718395357	0.0	0.6333872718395357	0.7738349719880009	0.0	0.0	0.0	1.0	1.8900000000000001
3.141472281200325	6.283883100221758	0.8120821969381377	-0.5835430621780436	0.0	0.5835430621780436	0.8120821969381377	0.0	0.0	0.0	1.0	1.9000000000000004
3.141494505932939	6.284088195259239	0.8471249593680534	-0.5313937365228104	0.0	0.5313937365228104	0.8471249593680534	0.0	0.0	0.0	1.0	1.9100000000000001
3.141514637210586	6.284301653467319	0.8788246547799994	-0.47714486914438786	0.0	0.47714486914438786	0.8788246547799994	0.0	0.0	0.0	1.0	1.92
3.141532595587373	6.2845226324560945	0.9070558319828873	-0.42101035339505866	0.0	0.42101035339505866	0.9070558319828873	0.0	0.0	0.0	1.0	1.9300000000000002
3.141548310192526	6.284750260155816	0.9317066922378296	-0.36321156319594555	0.0	0.36321156319594555	0.9317066922378296	0.0	0.0	0.0	1.0	1.94
3.141561719010073	6.284983638258424	0.9526795352509113	-0.30397648447553954	0.0	0.30397648447553954	0.9526795352509113	0.0	0.0	0.0	1.0	1.9500000000000002
3.1415727691235817	6.285221845762595	0.9698911501829283	-0.24353881989702691	0.0	0.24353881989702691	0.9698911501829283	0.0	0.0	0.0	1.0	1.96
3.14158141692499	6.285463942608388	0.983273150051839	-0.1821370703265371	0.0	0.1821370703265371	0.983273150051839	0.0	0.0	0.0	1.0	1.9700000000000002
3.141587628286698	6.285708973387063	0.9927722481172834	-0.12001359659703184	0.0	0.12001359659703184	0.9927722481172834	0.0	0.0	0.0	1.0	1.98
3.1415913786962477	6.285955971111499	0.9983504750571874	-0.05741366521210917	0.0	0.05741366521210917	0.9983504750571874	0.0	0.0	0.0	1.0	1.9900000000000002
3.141592653353059	6.286203961032261	0.9999853359733103	0.005415518289692578	0.0	-0.005415518289692578	0.9999853359733103	0.0	0.0	0.0	1.0	2.0
3.141591447226839	6.286451964484344	0.9976699064949284	0.0682257845275594	0.0	-0.0682257845275594	0.9976699064949284	0.0	0.0	0.0	1.0	2.01
3.141587765077433	6.286699002749357	0.9914128674868758	0.13076898019580407	0.0	-0.13076898019580407	0.9914128674868758	0.0	0.0	0.0	1.0	2.0199999999999996
3.141581621436038	6.286944100917867	0.9812384781087624	0.19279794884489782	0.0	-0.19279794884489782	0.9812384781087624	0.0	0.0	0.0	1.0	2.0300000000000002
3.141573040547862	6.287186291736813	0.9671864872157699	0.2540675086413442	0.0	-0.2540675086413442	0.9671864872157699	0.0	0.0	0.0	1.0	2.04
3.1415620562764395	6.287424619426595	0.9493119833368799	0.31433542322334507	0.0	-0.31433542322334507	0.9493119833368799	0.0	0.0	0.0	1.0	2.05
3.141548711969995	6.287658143452978	0.9276851837126388	0.373363361780515	0.0	-0.373363361780515	0.9276851837126388	0.0	0.0	0.0	1.0	2.0599999999999996
3.1415330602903735	6.287885942238778	0.9023911631206755	0.43091784451530285	0.0	-0.43091784451530285	0.9023911631206755	0.0	0.0	0.0	1.0	2.0699999999999994
3.1415151630052187	6.288107116800752	0.8735295234621085	0.48677116968865547	0.0	-0.48677116968865547	0.8735295234621085	0.0	0.0	0.0	1.0	2.08
3.1414950907442116	6.288320794297353	0.8412140053246125	0.5407023185133598	0.0	-0.5407023185133598	0.8412140053246125	0.0	0.0	0.0	1.0	2.09
3.1414729227203457	6.288526131473276	0.8055720429771089	0.5924978342354401	0.0	-0.5924978342354401	0.8055720429771089	0.0	0.0	0.0	1.0	2.0999999999999996
3.1414487464173138	6.288722317987293	0.7667442644858599	0.641952671836513	0.0	-0.641952671836513	0.7667442644858599	0.0	0.0	0.0	1.0	2.1099999999999994
3.141422657244271	6.288908579610175	0.7248839388708219	0.688871014898379	0.0	-0.688871014898379	0.7248839388708219	0.0	0.0	0.0	1.0	2.12
3.1413947581593105	6.2890841812801135	0.6801563724436489	0.7330670562945087	0.0	-0.7330670562945087	0.6801563724436489	0.0	0.0	0.0	1.0	2.13
3.141365159263152	6.289248430003577	0.6327382566833479	0.7743657395115812	0.0	-0.7743657395115812	0.6327382566833479	0.0	0.0	0.0	1.0	2.1399999999999997
3.141333977364641	6.2894006775901525	0.5828169702115152	0.8126034575569254	0.0	-0.8126034575569254	0.5828169702115152	0.0	0.0	0.0	1.0	2.1499999999999995
3.141301335519779	6.2895403232105656	0.5305898376249222	0.8476287065744993	0.0	-0.8476287065744993	0.5305898376249222	0.0	0.0	0.0	1.0	2.16
3.1412673625460923	6.289666815767805	0.47626334812835747	0.8793026914718088	0.0	-0.8793026914718088	0.47626334812835747	0.0	0.0	0.0	1.0	2.17
3.14123219251427	6.2897796560720165	0.42005233708373435	0.9074998810526054	0.0	-0.9074998810526054	0.42005233708373435	0.0	0.0	0.0	1.0	2.1799999999999997
3.1411959642190697	6.289878398810483	0.36217913375202243	0.9321085103541512	0.0	-0.9321085103541512	0.36217913375202243	0.0	0.0	0.0	1.0	2.1899999999999995
3.1411588206315773	6.289962654305059	0.3028726786511931	0.953031028102785	0.0	-0.953031028102785	0.3028726786511931	0.0	0.0	0.0	1.0	2.2
3.1411209083349836	6.290032090049987	0.24236761408590105	0.9701844874261327	0.0	-0.9701844874261327	0.24236761408590105	0.0	0.0	0.0	1.0	2.21
3.141082376946116	6.290086432024122	0.18090335152173867	0.9835008781939151	0.0	-0.9835008781939151	0.18090335152173867	0.0	0.0	0.0	1.0	2.2199999999999998
3.1410433785249845	6.290125465772346	0.11872311957851349	0.992927399600568	0.0	-0.992927399600568	0.11872311957851349	0.0	0.0	0.0	1.0	2.2299999999999995
3.1410040669746957	6.290149037251902	0.05607299650196566	0.9984266718509129	0.0	-0.9984266718509129	0.05607299650196566	0.0	0.0	0.0	1.0	2.24
3.1409645974340883	6.290157053440328	-0.0067990689581814215	0.999976886063524	0.0	-0.999976886063524	-0.0067990689581814215	0.0	0.0	0.0	1.0	2.25
3.140925125665495	6.290149482702523	-0.06964424428495755	0.9975718917641863	0.0	-0.9975718917641863	-0.06964424428495755	0.0	0.0	0.0	1.0	2.26
3.1408858074400405	6.290126354915648	-0.13221380353295836	0.9912212216025988	0.0	-0.9912212216025988	-0.13221380353295836	0.0	0.0	0.0	1.0	2.2699999999999996
3.140846797922906	6.2900877613511925	-0.19426011724073758	0.9809500531880383	0.0	-0.9809500531880383	-0.19426011724073758	0.0	0.0	0.0	1.0	2.2800000000000002
3.1408082510609883	6.2900338543147765	-0.2555376378898736	0.9667991082027662	0.0	-0.9667991082027662	-0.2555376378898736	0.0	0.0	0.0	1.0	2.29
3.1407703189753597	6.289964846545069	-0.31580387690348655	0.9488244892142738	0.0	-0.9488244892142738	-0.31580387690348655	0.0	0.0	0.0	1.0	2.3
3.140733151360943	6.289881010374263	-0.3748203692139568	0.9270974548677788	0.0	-0.9270974548677788	-0.3748203692139568	0.0	0.0	0.0	1.0	2.3099999999999996
3.140696894895749	6.289782676653294	-0.4323536214844114	0.9017041343973722	0.0	-0.9017041343973722	-0.4323536214844114	0.0	0.0	0.0	1.0	2.3199999999999994
3.140661692662035	6.289670233446166	-0.48817604014010335	0.8727451826467612	0.0	-0.8727451826467612	-0.48817604014010335	0.0	0.0	0.0	1.0	2.33
3.1406276835816365	6.2895441244984855	-0.5420668354543474	0.8403353770373526	0.0	-0.8403353770373526	-0.5420668354543474	0.0	0.0	0.0	1.0	2.34
3.140595001867736	6.289404847486245	-0.5938128980384332	0.804603158161337	0.0	-0.804603158161337	-0.5938128980384332	0.0	0.0	0.0	1.0	2.3499999999999996
3.140563776495201	6.2892529520517755	-0.6432096442051988	0.7656901159094466	0.0	-0.7656901159094466	-0.6432096442051988	0.0	0.0	0.0	1.0	2.3599999999999994
3.140534130691595	6.289089037634625	-0.6900618268115094	0.7237504232658953	0.0	-0.7237504232658953	-0.6900618268115094	0.0	0.0	0.0	1.0	2.37
3.140506181450882	6.288913751105904	-0.7341843083344353	0.6789502201159426	0.0	-0.6789502201159426	-0.7341843083344353	0.0	0.0	0.0	1.0	2.38
3.140480039071716	6.288727784215479	-0.7754027930992148	0.6314669496133083	0.0	-0.6314669496133083	-0.7754027930992148	0.0	0.0	0.0	1.0	2.3899999999999997
3.1404558067221617	6.288531870862028	-0.813554515752741	0.5814886498447955	0.0	-0.5814886498447955	-0.813554515752741	0.0	0.0	0.0	1.0	2.3999999999999995
3.1404335800325556	6.28832678419679	-0.848488883263923	0.5292132037067302	0.0	-0.5292132037067302	-0.848488883263923	0.0	0.0	0.0	1.0	2.41
3.1404134467181084	6.288113333572373	-0.8800680679303573	0.4748475500719448	0.0	-0.4748475500719448	-0.8800680679303573	0.0	0.0	0.0	1.0	2.42
3.1403954862327526	6.287892361348756	-0.9081675490787353	0.41860685947595644	0.0	-0.41860685947595644	-0.9081675490787353	0.0	0.0	0.0	1.0	2.4299999999999997
3.140379769455585	6.287664739568997	-0.9326766013628645	0.36071367768663354	0.0	-0.36071367768663354	-0.9326766013628645	0.0	0.0	0.0	1.0	2.4399999999999995
3.140366358411149	6.287431366517795	-0.9534987277874407	0.30139704064196154	0.0	-0.30139704064196154	-0.9534987277874407	0.0	0.0	0.0	1.0	2.45
3.140355306024664	6.287193163176535	-0.9705520358162261	0.24089156434582604	0.0	-0.24089156434582604	-0.9705520358162261	0.0	0.0	0.0	1.0	2.46
3.140346655913162	6.286951069588726	-0.9837695551593738	0.17943651340105765	0.0	-0.17943651340105765	-0.9837695551593738	0.0	0.0	0.0	1.0	2.4699999999999998
3.1403404422133607	6.286706041150248	-0.9930994960748634	0.117274851932768	0.0	-0.117274851932768	-0.9930994960748634	0.0	0.0	0.0	1.0	2.4799999999999995
3.140336689446945	6.286459044838996	-0.9985054472625208	0.054652280712459346	0.0	-0.054652280712459346	-0.9985054472625208	0.0	0.0	0.0	1.0	2.49
3.140335412423795	6.286211055398825	-0.9999665126745838	-0.008183735664811894	0.0	0.008183735664811894	-0.9999665126745838	0.0	0.0	0.0	1.0	2.5
3.1403366161835424	6.285963051492835	-0.9974773868133251	-0.07098494767244942	0.0	0.07098494767244942	-0.9974773868133251	0.0	0.0	0.0	1.0	2.51
3.140340295975682	6.285716011841223	-0.9910483683327039	-0.13350330192577742	0.0	0.13350330192577742	-0.9910483683327039	0.0	0.0	0.0	1.0	2.5199999999999996
3.140346437278318	6.285470911358884	-0.9807053120064135	-0.1954919205553088	0.0	0.1954919205553088	-0.9807053120064135	0.0	0.0	0.0	1.0	2.5300000000000002
3.1403550158554725	6.285228717308018	-0.9664895193679933	-0.25670607501932136	0.0	0.25670607501932136	-0.9664895193679933	0.0	0.0	0.0	1.0	2.54
3.140365997852731	6.284990385480968	-0.948457568568939	-0.31690415053182325	0.0	0.31690415053182325	-0.948457568568939	0.0	0.0	0.0	1.0	2.55
3.1403793399308455	6.284756856428303	-0.9266810842370897	-0.3758485973329844	0.0	0.3758485973329844	-0.9266810842370897	0.0	0.0	0.0	1.0	2.5599999999999996
3.140394989436764	6.284529051747043	-0.9012464483490302	-0.4333068650947721	0.0	0.4333068650947721	-0.9012464483490302	0.0	0.0	0.0	1.0	2.5699999999999994
3.140412884611421	6.284307870443692	-0.8722544533561165	-0.48905231683371303	0.0	0.48905231683371303	-0.8722544533561165	0.0	0.0	0.0	1.0	2.58
3.140432954833462	6.28409418538641	-0.8398198990231499	-0.5428651187954024	0.0	0.5428651187954024	-0.8398198990231499	0.0	0.0	0.0	1.0	2.59
3.140455120897942	6.283888839860333	-0.8040711346509427	-0.594533102880862	0.0	0.594533102880862	-0.8040711346509427	0.0	0.0	0.0	1.0	2.5999999999999996
3.1404792953289014	6.283692644239643	-0.7651495485585158	-0.6438525983023594	0.0	0.6438525983023594	-0.7651495485585158	0.0	0.0	0.0	1.0	2.6099999999999994
3.140505382724572	6.283506372789506	-0.7232090068965324	-0.6906292292856793	0.0	0.6906292292856793	-0.7232090068965324	0.0	0.0	0.0	1.0	2.62
3.1405332801338774	6.28333076061051	-0.6784152440505756	-0.7346786757758782	0.0	0.7346786757758782	-0.6784152440505756	0.0	0.0	0.0	1.0	2.63
3.1405628774627092	6.283166500737663	-0.6309452070701205	-0.7758273942541877	0.0	0.7758273942541877	-0.6309452070701205	0.0	0.0	0.0	1.0	2.6399999999999997
3.140594057908406	6.283014241405376	-0.5809863567264674	-0.8139132959337291	0.0	0.8139132959337291	-0.5809863567264674	0.0	0.0	0.0	1.0	2.6499999999999995
3.140626698420701	6.282874583489286	-0.5287359279595524	-0.8487863797709945	0.0	0.8487863797709945	-0.5287359279595524	0.0	0.0	0.0	1.0	2.66
3.1406606701873256	6.282748078134915	-0.4744001526195935	-0.8803093179073516	0.0	0.8803093179073516	-0.4744001526195935	0.0	0.0	0.0	1.0	2.67
3.140695839142354	6.282635224582632	-0.4181934475440948	-0.9083579913399698	0.0	0.9083579913399698	-0.4181934475440948	0.0	0.0	0.0	1.0	2.6799999999999997
3.140732066495278	6.282536468197419	-0.3603375711340444	-0.9328219738134482	0.0	0.9328219738134482	-0.3603375711340444	0.0	0.0	0.0	1.0	2.6899999999999995
3.1407692092787327	6.2824521987112965	-0.3010607517042795	-0.9536049621217658	0.0	0.9536049621217658	-0.3010607517042795	0.0	0.0	0.0	1.0	2.7
