3.1213113634321195	6.286207389817362	1.0	0.0	0.0	-0.0	1.0	0.0	0.0	0.0	1.0	0.0
3.141574334122532	6.2913949330662025	0.9990927954061706	0.042586220394442126	0.0	-0.042586220394442126	0.9990927954061706	0.0	0.0	0.0	1.0	0.01
3.1414825661902044	6.299143205449352	0.9944344581153132	0.1053570525067192	0.0	-0.1053570525067192	0.9944344581153132	0.0	0.0	0.0	1.0	0.02
3.1413135473505385	6.306840036354733	0.9858233346212996	0.16778662913397296	0.0	-0.16778662913397296	0.9858233346212996	0.0	0.0	0.0	1.0	0.03
3.1410679439660325	6.314455079910479	0.9732793289121886	0.22962436262783634	0.0	-0.22962436262783634	0.9732793289121886	0.0	0.0	0.0	1.0	0.04000000000000001
3.140746724351871	6.32195831126636	0.9568384748362281	0.29062025578593287	0.0	-0.29062025578593287	0.9568384748362281	0.0	0.0	0.0	1.0	0.05
3.140351154974979	6.329320144515277	0.9365530102042278	0.3505259748968681	0.0	-0.3505259748968681	0.9365530102042278	0.0	0.0	0.0	1.0	0.06
3.1398827954817636	6.336511548958739	0.912491374938492	0.4090959431024228	0.0	-0.4090959431024228	0.912491374938492	0.0	0.0	0.0	1.0	0.07
3.1393434925733192	6.343504163273371	0.8847381299103797	0.4660884481326309	0.0	-0.4660884481326309	0.8847381299103797	0.0	0.0	0.0	1.0	0.08000000000000002
3.138735372751283	6.350270407140594	0.853393793637579	0.5212667579856414	0.0	-0.5212667579856414	0.853393793637579	0.0	0.0	0.0	1.0	0.09
3.138060833961866	6.356783589907904	0.8185745946078165	0.5744002376937609	0.0	-0.5744002376937609	0.8185745946078165	0.0	0.0	0.0	1.0	0.1
3.137322536169878	6.363018015857966	0.7804121376521307	0.6252654599489978	0.0	-0.6252654599489978	0.7804121376521307	0.0	0.0	0.0	1.0	0.11000000000000001
3.1365233908987364	6.368949085670903	0.7390529835008596	0.6736473020642761	0.0	-0.6736473020642761	0.7390529835008596	0.0	0.0	0.0	1.0	0.12
3.1356665497765652	6.374553393676052	0.6946581414107983	0.7193400215278555	0.0	-0.7193400215278555	0.6946581414107983	0.0	0.0	0.0	1.0	0.13
3.1347553921324516	6.37980882050198	0.6474024755430947	0.7621483022750053	0.0	-0.7621483022750053	0.6474024755430947	0.0	0.0	0.0	1.0	0.14
3.133793511690775	6.384694620747943	0.5974740265879412	0.8018882637579827	0.0	-0.8018882637579827	0.5974740265879412	0.0	0.0	0.0	1.0	0.14999999999999997
3.1327847024152127	6.389191505316208	0.54507325096274	0.8383884249468798	0.0	-0.8383884249468798	0.54507325096274	0.0	0.0	0.0	1.0	0.16000000000000003
3.1317329435575405	6.393281718062841	0.4904121807432971	0.8714906155424761	0.0	-0.8714906155424761	0.4904121807432971	0.0	0.0	0.0	1.0	0.16999999999999998
3.1306423839696698	6.396949106444787	0.4337135083104459	0.9010508269287837	0.0	-0.9010508269287837	0.4337135083104459	0.0	0.0	0.0	1.0	0.18
3.1295173257404887	6.400179185863137	0.3752096004948366	0.9269399957367819	0.0	-0.9269399957367819	0.3752096004948366	0.0	0.0	0.0	1.0	0.19
3.128362207221932	6.402959197426611	0.315141447768014	0.9490447133295039	0.0	-0.9490447133295039	0.315141447768014	0.0	0.0	0.0	1.0	0.2
3.1271815855113654	6.405278158885246	0.2537575547462172	0.967267855048032	0.0	-0.967267855048032	0.2537575547462172	0.0	0.0	0.0	1.0	0.20999999999999996
3.125980118459708	6.407126908511974	0.19131277893294793	0.9815291236723203	0.0	-0.9815291236723203	0.19131277893294793	0.0	0.0	0.0	1.0	0.22000000000000003
3.124762546276814	6.408498141739162	0.12806712521646937	0.9917655022427375	0.0	-0.9917655022427375	0.12806712521646937	0.0	0.0	0.0	1.0	0.22999999999999998
3.123533672807394	6.40938644038803	0.06428450414916952	0.9979316121489966	0.0	-0.9979316121489966	0.06428450414916952	0.0	0.0	0.0	1.0	0.24
3.122298346552232	6.409788294360924	0.00023146245860472797	0.9999999732125648	0.0	-0.9999999732125648	0.00023146245860472797	0.0	0.0	0.0	1.0	0.25
3.121061441510582	6.40970211569958	-0.06382410543222304	0.9979611633554567	0.0	-0.9979611633554567	-0.06382410543222304	0.0	0.0	0.0	1.0	0.26
3.1198278379204254	6.409128244946401	-0.12761425587075304	0.9918238763503096	0.0	-0.9918238763503096	-0.12761425587075304	0.0	0.0	0.0	1.0	0.27
3.1186024029737394	6.408068949780215	-0.19087229529996358	0.9816148770709028	0.0	-0.9816148770709028	-0.19087229529996358	0.0	0.0	0.0	1.0	0.28
3.117389971584025	6.40652841593263	-0.2533340713001372	0.9673788545954977	0.0	-0.9673788545954977	-0.2533340713001372	0.0	0.0	0.0	1.0	0.29000000000000004
3.1161953272831218	6.40451273042574	-0.3147392462963196	0.9491781744439896	0.0	-0.9491781744439896	-0.3147392462963196	0.0	0.0	0.0	1.0	0.30000000000000004
3.1150231833237405	6.402029857206153	-0.37483254507764735	0.927092532140462	0.0	-0.927092532140462	-0.37483254507764735	0.0	0.0	0.0	1.0	0.31000000000000005
3.113878164063252	6.399089605284067	-0.4333649675741607	0.9012185111722055	0.0	-0.9012185111722055	-0.4333649675741607	0.0	0.0	0.0	1.0	0.32000000000000006
3.1127647867029857	6.395703589518812	-0.49009495873337794	0.8716690492521395	0.0	-0.8716690492521395	-0.49009495873337794	0.0	0.0	0.0	1.0	0.33000000000000007
3.1116874434557467	6.391885184224027	-0.5447895278261206	0.8385728175722086	0.0	-0.8385728175722086	-0.5447895278261206	0.0	0.0	0.0	1.0	0.3400000000000001
3.110650384212358	6.387649469795951	-0.5972253100807035	0.8020735184501528	0.0	-0.8020735184501528	-0.5972253100807035	0.0	0.0	0.0	1.0	0.3500000000000001
3.1096576997758647	6.383013172597063	-0.6471895641871924	0.7623291074117478	0.0	-0.7623291074117478	-0.6471895641871924	0.0	0.0	0.0	1.0	0.36
3.108713305729561	6.377994598354524	-0.6944810999184731	0.7195109463073011	0.0	-0.7195109463073011	-0.6944810999184731	0.0	0.0	0.0	1.0	0.37
3.107820927002305	6.372613559358089	-0.7389111308709412	0.6738028945285313	0.0	-0.6738028945285313	-0.7389111308709412	0.0	0.0	0.0	1.0	0.38
3.106984083191591	6.366891295765611	-0.780304048122751	0.6254003457652126	0.0	-0.6254003457652126	-0.780304048122751	0.0	0.0	0.0	1.0	0.39
3.1062060747016838	6.360850391345694	-0.8184981114292607	0.5745092180171992	0.0	-0.5745092180171992	-0.8184981114292607	0.0	0.0	0.0	1.0	0.4
3.1054899697507037	6.354514684006523	-0.8533460554111254	0.5213449047552615	0.0	-0.5213449047552615	-0.8533460554111254	0.0	0.0	0.0	1.0	0.41000000000000003
3.1048385922969914	6.347909171477408	-0.8847156090279331	0.4661311952040256	0.0	-0.4661311952040256	-0.8847156090279331	0.0	0.0	0.0	1.0	0.42000000000000004
3.1042545109313178	6.341059912525138	-0.9124899274572644	0.4090991717041681	0.0	-0.4090991717041681	-0.9124899274572644	0.0	0.0	0.0	1.0	0.43000000000000005
3.103740028777626	6.333993924101003	-0.9365679363040631	0.35048609200244807	0.0	-0.35048609200244807	-0.9365679363040631	0.0	0.0	0.0	1.0	0.44000000000000006
3.1032971744409683	6.3267390748262295	-0.956864588837433	0.29053426412210076	0.0	-0.29053426412210076	-0.956864588837433	0.0	0.0	0.0	1.0	0.45000000000000007
3.1029276940371706	6.3193239752338455	-0.9733110376815565	0.22948992118882203	0.0	-0.22948992118882203	-0.9733110376815565	0.0	0.0	0.0	1.0	0.4600000000000001
3.1026330443345307	6.311777865193726	-0.9858547230656001	0.1676021032363531	0.0	-0.1676021032363531	-0.9858547230656001	0.0	0.0	0.0	1.0	0.4700000000000001
3.1024143870335505	6.304130498954706	-0.9944593803565894	0.10512155259882813	0.0	-0.10512155259882813	-0.9944593803565894	0.0	0.0	0.0	1.0	0.48
3.102272584206343	6.296412028243613	-0.9991049701530214	0.04229962902355365	0.0	-0.04229962902355365	-0.9991049701530214	0.0	0.0	0.0	1.0	0.49
3.102208194912916	6.288652883865618	-0.9997875347003855	-0.020612749882670808	0.0	0.020612749882670808	-0.9997875347003855	0.0	0.0	0.0	1.0	0.5
3.1022214730070856	6.280883656253817	-0.9965189847992122	-0.08336613781834601	0.0	0.08336613781834601	-0.9965189847992122	0.0	0.0	0.0	1.0	0.51
3.1023123661402745	6.273134975418291	-0.9893268217094286	-0.14571355409268041	0.0	0.14571355409268041	-0.9893268217094286	0.0	0.0	0.0	1.0	0.52
3.1024805159669397	6.265437390746244	-0.9782537988107757	-0.20741143920306468	0.0	0.20741143920306468	-0.9782537988107757	0.0	0.0	0.0	1.0	0.53
3.1027252595508594	6.257821251105153	-0.9633575279581537	-0.2682205684252334	0.0	0.2682205684252334	-0.9633575279581537	0.0	0.0	0.0	1.0	0.54
3.10304563196699	6.2503165857001735	-0.9447100355745683	-0.32790692076364863	0.0	0.32790692076364863	-0.9447100355745683	0.0	0.0	0.0	1.0	0.55
3.103440370089096	6.242952986135392	-0.9223972735555327	-0.3862425012052917	0.0	0.3862425012052917	-0.9223972735555327	0.0	0.0	0.0	1.0	0.56
3.103907917548879	6.235759490125789	-0.8965185900210336	-0.4430061147960577	0.0	0.4430061147960577	-0.8965185900210336	0.0	0.0	0.0	1.0	0.5700000000000001
3.104446430847879	6.228764467302882	-0.8671861648491054	-0.4979840916076541	0.0	0.4979840916076541	-0.8671861648491054	0.0	0.0	0.0	1.0	0.5800000000000001
3.105053786599011	6.221995507552065	-0.8345244147640422	-0.5509709621774391	0.0	0.5509709621774391	-0.8345244147640422	0.0	0.0	0.0	1.0	0.5900000000000001
3.1057275898702583	6.215479312313266	-0.7986693725383939	-0.6017700834780075	0.0	0.6017700834780075	-0.7986693725383939	0.0	0.0	0.0	1.0	0.6000000000000001
3.1064651835987607	6.209241589268893	-0.7597680446076629	-0.6501942159024859	0.0	0.6501942159024859	-0.7597680446076629	0.0	0.0	0.0	1.0	0.6100000000000001
3.1072636590393414	6.203306950833784	-0.7179777510970593	-0.6960660521312682	0.0	0.6960660521312682	-0.7179777510970593	0.0	0.0	0.0	1.0	0.6200000000000001
3.1081198672074226	6.1976988168511005	-0.6734654519280039	-0.7392186990731563	0.0	0.7392186990731563	-0.6734654519280039	0.0	0.0	0.0	1.0	0.6300000000000001
3.1090304312722994	6.192439321885543	-0.6264070623156918	-0.779496114346329	0.0	0.779496114346329	-0.6264070623156918	0.0	0.0	0.0	1.0	0.6400000000000001
3.1099917598529068	6.187549227490926	-0.5769867605953962	-0.816753498980954	0.0	0.816753498980954	-0.5769867605953962	0.0	0.0	0.0	1.0	0.6500000000000001
3.11100006116451	6.183047839812938	-0.5253962909316693	-0.8508576481851973	0.0	0.8508576481851973	-0.5253962909316693	0.0	0.0	0.0	1.0	0.6600000000000001
3.1120513579612434	6.178952932869715	-0.4718342630783963	-0.8816872621203431	0.0	0.8816872621203431	-0.4718342630783963	0.0	0.0	0.0	1.0	0.6700000000000002
3.1131415032160876	6.175280677832727	-0.4165054509757414	-0.9091332186800206	0.0	0.9091332186800206	-0.4165054509757414	0.0	0.0	0.0	1.0	0.6800000000000002
3.1142661964767573	6.172045578608339	-0.3596200915990259	-0.9330988102651875	0.0	0.9330988102651875	-0.3596200915990259	0.0	0.0	0.0	1.0	0.6900000000000002
3.1154210008331025	6.1692604139963585	-0.3013931851207178	-0.953499946493333	0.0	0.953499946493333	-0.3013931851207178	0.0	0.0	0.0	1.0	0.7000000000000002
3.1166013604289646	6.166936186675931	-0.24204379711576116	-0.9702653246807207	0.0	0.9702653246807207	-0.24204379711576116	0.0	0.0	0.0	1.0	0.71
3.1178026184490943	6.165082079241432	-0.18179436323768383	-0.983336569794394	0.0	0.983336569794394	-0.18179436323768383	0.0	0.0	0.0	1.0	0.72
3.1190200355096254	6.163705417481648	-0.1208699965230045	-0.9926683453906088	0.0	0.9926683453906088	-0.1208699965230045	0.0	0.0	0.0	1.0	0.73
3.120248808378846	6.1628116410647396	-0.0594977972484533	-0.9982284368432819	0.0	0.9982284368432819	-0.0594977972484533	0.0	0.0	0.0	1.0	0.74
3.12148408895353	6.1624042817593745	0.0020938349269958036	-0.9999978079252467	0.0	0.9999978079252467	0.0020938349269958036	0.0	0.0	0.0	1.0	0.75
3.122721003414944	6.1624849492892855	0.06367588695260386	-0.997970631542231	0.0	0.997970631542231	0.06367588695260386	0.0	0.0	0.0	1.0	0.76
3.1239546714878683	6.163053324884646	0.12501941703006364	-0.9921542951403592	0.0	0.9921542951403592	0.12501941703006364	0.0	0.0	0.0	1.0	0.77
3.1251802257254773	6.164107162559163	0.18589623848963355	-0.9825693810186664	0.0	0.9825693810186664	0.18589623848963355	0.0	0.0	0.0	1.0	0.78
3.1263928307428315	6.165642298107181	0.24607960348577182	-0.9692496214847264	0.0	0.9692496214847264	0.24607960348577182	0.0	0.0	0.0	1.0	0.79
3.1275877023219576	6.167652665780435	0.3053448870614195	-0.9522418285002235	0.0	0.9522418285002235	0.3053448870614195	0.0	0.0	0.0	1.0	0.8
3.128760126312055	6.1701303225698085	0.36347027204450827	-0.9316057971802726	0.0	0.9316057971802726	0.36347027204450827	0.0	0.0	0.0	1.0	0.81
3.12990547724931	6.173065479983788	0.42023743510883027	-0.907414182241578	0.0	0.907414182241578	0.42023743510883027	0.0	0.0	0.0	1.0	0.8200000000000001
3.131019236622017	6.176446543182482	0.4754322341560705	-0.8797523462460145	0.0	0.8797523462460145	0.4754322341560705	0.0	0.0	0.0	1.0	0.8300000000000001
3.1320970107083013	6.180260157294401	0.5288453969592091	-0.848718178263584	0.0	0.848718178263584	0.5288453969592091	0.0	0.0	0.0	1.0	0.8400000000000001
3.1331345479155988	6.184491260712811	0.5802732107529411	-0.8144218813873267	0.0	0.8144218813873267	0.5802732107529411	0.0	0.0	0.0	1.0	0.8500000000000001
3.1341277555532434	6.189123145139686	0.6295182121681343	-0.7769857273776888	0.0	0.7769857273776888	0.6295182121681343	0.0	0.0	0.0	1.0	0.8600000000000001
3.135072715971954	6.194137522118101	0.6763898765891965	-0.736543776599634	0.0	0.736543776599634	0.6763898765891965	0.0	0.0	0.0	1.0	0.8700000000000001
3.1359657020067417	6.199514595768607	0.7207053056705942	-0.6932415613465883	0.0	0.6932415613465883	0.7207053056705942	0.0	0.0	0.0	1.0	0.8800000000000001
3.1368031916627244	6.205233141421684	0.7622899113872563	-0.6472357306246381	0.0	0.6472357306246381	0.7622899113872563	0.0	0.0	0.0	1.0	0.8900000000000001
3.137581881986503	6.211270589816911	0.8009780946193057	-0.5986936545012204	0.0	0.5986936545012204	0.8009780946193057	0.0	0.0	0.0	1.0	0.9000000000000001
3.1382987020691795	6.217603116519987	0.8366139158909142	-0.5477929862070804	0.0	0.5477929862070804	0.8366139158909142	0.0	0.0	0.0	1.0	0.9100000000000001
3.1389508251306437	6.22420573619121	0.8690517555029391	-0.49472118032004636	0.0	0.49472118032004636	0.8690517555029391	0.0	0.0	0.0	1.0	0.9200000000000002
3.1395356796385165	6.231052401323426	0.8981569599264452	-0.4396749655548813	0.0	0.4396749655548813	0.8981569599264452	0.0	0.0	0.0	1.0	0.9300000000000002
3.1400509594190202	6.238116105053736	0.9238064709665145	-0.38285977093499207	0.0	0.38285977093499207	0.9238064709665145	0.0	0.0	0.0	1.0	0.9400000000000002
3.1404946327210674	6.245368987641262	0.9458894338702921	-0.32448910442808143	0.0	0.32448910442808143	0.9458894338702921	0.0	0.0	0.0	1.0	0.9500000000000002
3.1408649501989925	6.252782446193037	0.964307780247339	-0.2647838834869862	0.0	0.2647838834869862	0.964307780247339	0.0	0.0	0.0	1.0	0.96
3.141160451783563	6.260327247211351	0.9789767814013223	-0.20397171734607705	0.0	0.20397171734607705	0.9789767814013223	0.0	0.0	0.0	1.0	0.97
3.1413799724152254	6.267973641528671	0.9898255674468611	-0.14228614137891074	0.0	0.14228614137891074	0.9898255674468611	0.0	0.0	0.0	1.0	0.98
3.141522646617897	6.275691481190359	0.9967976074106192	-0.07996580431950336	0.0	0.07996580431950336	0.9967976074106192	0.0	0.0	0.0	1.0	0.99
3.1415879118960532	6.28345033784079	0.999851145397623	-0.017253609682076752	0.0	0.017253609682076752	0.999851145397623	0.0	0.0	0.0	1.0	1.0
3.1415755109422956	6.291219622164984	0.9989595878478873	0.04560418672423872	0.0	-0.04560418672423872	0.9989595878478873	0.0	0.0	0.0	1.0	1.0100000000000002
3.1414854926471096	6.298968703935518	0.9941118369195067	0.10835892070579282	0.0	-0.10835892070579282	0.9941118369195067	0.0	0.0	0.0	1.0	1.02
3.141318211907008	6.30666703221312	0.9853125651164144	0.17076050194266737	0.0	-0.17076050194266737	0.9853125651164144	0.0	0.0	0.0	1.0	1.0300000000000002
3.1410743282317766	6.314284255249019	0.9725824264349878	0.23255843091539757	0.0	-0.23255843091539757	0.9725824264349878	0.0	0.0	0.0	1.0	1.04
3.1407548031560713	6.321790339637791	0.9559581995354712	0.29350284622282696	0.0	-0.29350284622282696	0.9559581995354712	0.0	0.0	0.0	1.0	1.0500000000000003
3.1403608964650993	6.329155688271097	0.9354928587525618	0.35334559742971117	0.0	-0.35334559742971117	0.9354928587525618	0.0	0.0	0.0	1.0	1.06
3.139894161248618	6.336351256645454	0.9112555691438734	0.4118413380226363	0.0	-0.4118413380226363	0.9112555691438734	0.0	0.0	0.0	1.0	1.0700000000000003
3.1393564378019283	6.343348667080995	0.8833316022336013	0.46874863252645227	0.0	-0.46874863252645227	0.8833316022336013	0.0	0.0	0.0	1.0	1.08
3.138749846396938	6.3501203204132155	0.851822169638293	0.5238310713509758	0.0	-0.5238310713509758	0.851822169638293	0.0	0.0	0.0	1.0	1.0900000000000003
3.138076778950743	6.356639504725992	0.8168441723577675	0.5768583865084688	0.0	-0.5768583865084688	0.8168441723577675	0.0	0.0	0.0	1.0	1.1
3.1373398896234246	6.362880500701876	0.7785298641709202	0.6276075609758129	0.0	-0.6276075609758129	0.7785298641709202	0.0	0.0	0.0	1.0	1.1100000000000003
3.1365420843809826	6.368818683174841	0.7370264282864288	0.6758639241795271	0.0	-0.6758639241795271	0.7370264282864288	0.0	0.0	0.0	1.0	1.12
3.135686509563405	6.374430618481483	0.6924954671536718	0.7214222258647274	0.0	-0.7214222258647274	0.6924954671536718	0.0	0.0	0.0	1.0	1.1300000000000003
3.1347765395018556	6.379694157219153	0.6451124061302335	0.7640876804770909	0.0	-0.7640876804770909	0.6451124061302335	0.0	0.0	0.0	1.0	1.1400000000000001
3.133815763232816	6.38458852203388	0.5950658125185515	0.8036769741454811	0.0	-0.8036769741454811	0.5950658125185515	0.0	0.0	0.0	1.0	1.1500000000000004
3.1328079703606915	6.389094390077091	0.5425566323145168	0.8400192264058783	0.0	-0.8400192264058783	0.5425566323145168	0.0	0.0	0.0	1.0	1.1599999999999997
3.1317571361239374	6.393193969788332	0.48779734784307155	0.8729568989573686	0.0	-0.8729568989573686	0.48779734784307155	0.0	0.0	0.0	1.0	1.17
3.130667405723064	6.396871071681306	0.4310110602780643	0.9023466439888713	0.0	-0.9023466439888713	0.4310110602780643	0.0	0.0	0.0	1.0	1.1800000000000002
3.129543077972021	6.400111172832609	0.3724305018429496	0.9280600849605637	0.0	-0.9280600849605637	0.3724305018429496	0.0	0.0	0.0	1.0	1.19
3.12838858833733	6.402901474796661	0.3122969832534068	0.9499845231638363	0.0	-0.9499845231638363	0.3122969832534068	0.0	0.0	0.0	1.0	1.2000000000000002
3.127208491431987	6.405230954696151	0.25085928268004354	0.9680235639142541	0.0	-0.9680235639142541	0.25085928268004354	0.0	0.0	0.0	1.0	1.21
3.1260074430335103	6.4070904092651055	0.18837248316767025	0.9820976568474471	0.0	-0.9820976568474471	0.18837248316767025	0.0	0.0	0.0	1.0	1.2200000000000002
3.1247901816976147	6.40847249165092	0.12509676603641914	0.9921445454807628	0.0	-0.9921445454807628	0.12509676603641914	0.0	0.0	0.0	1.0	1.23
3.1235615100407514	6.409371740812593	0.061296168299193605	0.9981196219651415	0.0	-0.9981196219651415	0.061296168299193605	0.0	0.0	0.0	1.0	1.2400000000000002
3.1223262757662438	6.409784603384375	-0.0027626874486831273	0.9999961837717487	0.0	-0.9999961837717487	-0.0027626874486831273	0.0	0.0	0.0	1.0	1.25
3.121089352509875	6.409709447907234	-0.06681188188571507	0.9977655899252537	0.0	-0.9977655899252537	-0.06681188188571507	0.0	0.0	0.0	1.0	1.2600000000000002
3.1198556205816046	6.4091465713643725	-0.13058349755903428	0.9914373152979717	0.0	-0.9914373152979717	-0.13058349755903428	0.0	0.0	0.0	1.0	1.27
3.118629947680547	6.408098197991487	-0.19381091808984166	0.9810389024035554	0.0	-0.9810389024035554	-0.19381091808984166	0.0	0.0	0.0	1.0	1.2800000000000002
3.1174171696604684	6.406568470367113	-0.25623011884763824	0.9666158110621433	0.0	-0.9666158110621433	-0.25623011884763824	0.0	0.0	0.0	1.0	1.29
3.116222071422836	6.4045634328230046	-0.31758094004475695	0.9482311672373401	0.0	-0.9482311672373401	-0.31758094004475695	0.0	0.0	0.0	1.0	1.3000000000000003
3.1150493680138682	6.4020910072487895	-0.3776083334014644	0.9259654132556834	0.0	-0.9259654132556834	-0.3776083334014644	0.0	0.0	0.0	1.0	1.31
3.113903686001146	6.399160961398825	-0.4360635738330715	0.899915862498228	0.0	-0.899915862498228	-0.4360635738330715	0.0	0.0	0.0	1.0	1.3200000000000003
3.1127895452040804	6.395784869842001	-0.4927054280086562	0.8701961624891293	0.0	-0.8701961624891293	-0.4927054280086562	0.0	0.0	0.0	1.0	1.33
3.1117113408509645	6.3919760677269135	-0.5473012721198062	0.8369356710859217	0.0	-0.8369356710859217	-0.5473012721198062	0.0	0.0	0.0	1.0	1.3400000000000003
3.11067332623349	6.387749597565221	-0.5996281517687452	0.800278751190108	0.0	-0.800278751190108	-0.5996281517687452	0.0	0.0	0.0	1.0	1.35
3.1096795959273833	6.383122149264832	-0.649473777529188	0.7603839900352761	0.0	-0.7603839900352761	-0.649473777529188	0.0	0.0	0.0	1.0	1.3600000000000003
3.108734069645421	6.378111993671719	-0.6966374504394103	0.7174233496655085	0.0	-0.7174233496655085	-0.6966374504394103	0.0	0.0	0.0	1.0	1.37
3.107840476786314	6.372738909904527	-0.7409309124442309	0.6715812556828543	0.0	-0.6715812556828543	-0.7409309124442309	0.0	0.0	0.0	1.0	1.3800000000000003
3.1070023417400274	6.367024106789564	-0.7821791175985566	0.6230536317145929	0.0	-0.6230536317145929	-0.7821791175985566	0.0	0.0	0.0	1.0	1.3900000000000001
3.1062229700069026	6.3609901387252865	-0.8202209206676877	0.5720468873257252	0.0	-0.5720468873257252	-0.8202209206676877	0.0	0.0	0.0	1.0	1.4000000000000004
3.105505435184554	6.354660816324872	-0.8549096805959402	0.5187768672785514	0.0	-0.5187768672785514	-0.8549096805959402	0.0	0.0	0.0	1.0	1.4099999999999997
3.104852566872946	6.348061112203042	-0.8861137771530961	0.46346777011942614	0.0	-0.46346777011942614	-0.8861137771530961	0.0	0.0	0.0	1.0	1.42
3.1042669395443094	6.3412170622889406	-0.9137170398954094	0.40635104405522443	0.0	-0.40635104405522443	-0.9137170398954094	0.0	0.0	0.0	1.0	1.4300000000000002
3.103750862420669	6.334155663060564	-0.937619089383122	0.34766426797179667	0.0	-0.34766426797179667	-0.937619089383122	0.0	0.0	0.0	1.0	1.44
3.1033063703977404	6.326904765108304	-0.9577355913685713	0.28765002524924793	0.0	-0.28765002524924793	-0.9577355913685713	0.0	0.0	0.0	1.0	1.4500000000000002
3.102935216049815	6.319492963445378	-0.9739984253984386	0.22655477775002295	0.0	-0.22655477775002295	-0.9739984253984386	0.0	0.0	0.0	1.0	1.46
3.102638862746046	6.311949484991708	-0.9863557699515306	0.16462774700311977	0.0	-0.16462774700311977	-0.9863557699515306	0.0	0.0	0.0	1.0	1.4700000000000002
3.1024184789042333	6.3043040736650084	-0.9947721068521573	0.10211980918959955	0.0	-0.10211980918959955	-0.9947721068521573	0.0	0.0	0.0	1.0	1.48
3.102274933403833	6.296586873518801	-0.9992281482523906	0.039282410059702136	0.0	-0.039282410059702136	-0.9992281482523906	0.0	0.0	0.0	1.0	1.4900000000000002
3.1022087921755137	6.288828310371683	-0.9997206899592149	-0.023633494609798987	0.0	0.023633494609798987	-0.9997206899592149	0.0	0.0	0.0	1.0	1.5
3.102220315980098	6.281058972375664	-0.9962623952912455	-0.0863784679682978	0.0	0.0863784679682978	-0.9962623952912455	0.0	0.0	0.0	1.0	1.5100000000000002
3.1023094593852556	6.27330948997381	-0.9888815139819951	-0.14870558599016237	0.0	0.14870558599016237	-0.9888815139819951	0.0	0.0	0.0	1.0	1.52
3.1024758709437905	6.265610415698758	-0.9776215409017102	-0.21037139245858974	0.0	0.21037139245858974	-0.9776215409017102	0.0	0.0	0.0	1.0	1.5300000000000002
3.102718894572853	6.257992104264035	-0.96254081954793	-0.27113681178327514	0.0	0.27113681178327514	-0.96254081954793	0.0	0.0	0.0	1.0	1.54
3.1030375721288923	6.2504845933994675	-0.9437120953576956	-0.3307680170082768	0.0	0.3307680170082768	-0.9437120953576956	0.0	0.0	0.0	1.0	1.5500000000000003
3.103430647168653	6.243117485880313	-0.9212220239244884	-0.38903725096251324	0.0	0.38903725096251324	-0.9212220239244884	0.0	0.0	0.0	1.0	1.56
3.1038965698820413	6.2359198331970305	-0.8951706391641637	-0.44572359908178816	0.0	0.44572359908178816	-0.8951706391641637	0.0	0.0	0.0	1.0	1.5700000000000003
3.104433503178237	6.228920021308813	-0.8656707863710532	-0.5006137129801006	0.0	0.5006137129801006	-0.8656707863710532	0.0	0.0	0.0	1.0	1.58
3.105039329902008	6.222145658918956	-0.8328475249433541	-0.5535024843627436	0.0	0.5535024843627436	-0.8328475249433541	0.0	0.0	0.0	1.0	1.5900000000000003
3.1057116611528537	6.2156234687039085	-0.7968375053420818	-0.6041936693480062	0.0	0.6041936693480062	-0.7968375053420818	0.0	0.0	0.0	1.0	1.6
3.106447845675305	6.209379181920106	-0.7577883245866588	-0.6525004636934328	0.0	0.6525004636934328	-0.7577883245866588	0.0	0.0	0.0	1.0	1.6100000000000003
3.1072449802845186	6.203437436803584	-0.7158578642898193	-0.6982460298021169	0.0	0.6982460298021169	-0.7158578642898193	0.0	0.0	0.0	1.0	1.62
3.1080999212872107	6.197821681166525	-0.6712136149019768	-0.7412639767115498	0.0	0.7412639767115498	-0.6712136149019768	0.0	0.0	0.0	1.0	1.6300000000000003
3.109009296853989	6.192554079582456	-0.6240319894781434	-0.7813987945396067	0.0	0.7813987945396067	-0.6240319894781434	0.0	0.0	0.0	1.0	1.6400000000000001
3.1099695202952935	6.187655425537447	-0.5744976299061453	-0.8185062450783267	0.0	0.8185062450783267	-0.5744976299061453	0.0	0.0	0.0	1.0	1.6500000000000004
3.110976804189471	6.183145058908563	-0.5228027081508476	-0.8524537103855785	0.0	0.8524537103855785	-0.5228027081508476	0.0	0.0	0.0	1.0	1.6600000000000001
3.1120271753079742	6.179040789112587	-0.46914622468235057	-0.8831205013282715	0.0	0.8831205013282715	-0.46914622468235057	0.0	0.0	0.0	1.0	1.67
3.113116490279355	6.175358824248021	-0.4137333058738815	-0.9103981280795064	0.0	0.9103981280795064	-0.4137333058738815	0.0	0.0	0.0	1.0	1.6800000000000002
3.114240451930593	6.172113706531238	-0.356774501783755	-0.9341905345682718	0.0	0.9341905345682718	-0.356774501783755	0.0	0.0	0.0	1.0	1.69
3.1153946262414163	6.16931825430366	-0.2984850853816983	-0.9544142988266052	0.0	0.9544142988266052	-0.2984850853816983	0.0	0.0	0.0	1.0	1.7000000000000002
3.1165744598446237	6.166983510860923	-0.23908435394879735	-0.9709988010790158	0.0	0.9709988010790158	-0.23908435394879735	0.0	0.0	0.0	1.0	1.71
3.1177752980030555	6.165118700327335	-0.17879493307739994	-0.9838863612764678	0.0	0.9838863612764678	-0.17879493307739994	0.0	0.0	0.0	1.0	1.7200000000000002
3.118992402991759	6.163731190769609	-0.11784208342746999	-0.9930323475967303	0.0	0.9930323475967303	-0.11784208342746999	0.0	0.0	0.0	1.0	1.73
3.1202209728121226	6.162826464713024	-0.056453010162898304	-0.9984052572195059	0.0	0.9984052572195059	-0.056453010162898304	0.0	0.0	0.0	1.0	1.7400000000000002
3.121456160163266	6.162408097191201	0.005143825201067899	-0.9999867704436399	0.0	0.9999867704436399	0.005143825201067899	0.0	0.0	0.0	1.0	1.75
3.122693091594838	6.162477741427472	0.06671939095733562	-0.9977717789506186	0.0	0.9977717789506186	0.06671939095733562	0.0	0.0	0.0	1.0	1.7600000000000002
3.123926886764559	6.163035122212016	0.12804476989508448	-0.9917683887392837	0.0	0.9917683887392837	0.12804476989508448	0.0	0.0	0.0	1.0	1.77
3.1251526777233716	6.164078037004432	0.188891843095045	-0.9819978979672803	0.0	0.9819978979672803	0.188891843095045	0.0	0.0	0.0	1.0	1.7800000000000002
3.1263656281509453	6.165602364756851	0.24903397341952163	-0.9684947496413624	0.0	0.9684947496413624	0.24903397341952163	0.0	0.0	0.0	1.0	1.79
3.127560952464499	6.1676020824179725	0.3082466892461991	-0.951306458807443	0.0	0.951306458807443	0.3082466892461991	0.0	0.0	0.0	1.0	1.8000000000000003
3.1287339347244747	6.170069289044176	0.3663083689089068	-0.9304935136083949	0.0	0.9304935136083949	0.3663083689089068	0.0	0.0	0.0	1.0	1.81
3.129879947261506	6.172994237410136	0.4230009261769849	-0.9061292493090668	0.0	0.9061292493090668	0.4230009261769849	0.0	0.0	0.0	1.0	1.8200000000000003
3.1309944689503575	6.1763653729785455	0.4781104969293372	-0.8782996941397522	0.0	0.8782996941397522	0.4781104969293372	0.0	0.0	0.0	1.0	1.83
3.132073103058087	6.180169380056838	0.5314281269626507	-0.8471033855870066	0.0	0.8471033855870066	0.5314281269626507	0.0	0.0	0.0	1.0	1.8400000000000003
3.1331115945955434	6.184391234938404	0.5827504606185857	-0.8126511555697354	0.0	0.8126511555697354	0.5827504606185857	0.0	0.0	0.0	1.0	1.85
3.1341058471034926	6.189014265796938	0.6318804296262326	-0.7750658827837592	0.0	0.7750658827837592	0.6318804296262326	0.0	0.0	0.0	1.0	1.8600000000000003
3.1350519388071123	6.194020219075376	0.6786279412379983	-0.7344822103843469	0.0	0.7344822103843469	0.6786279412379983	0.0	0.0	0.0	1.0	1.87
3.135946138075308	6.199389332085492	0.7228105643947182	-0.6910462271074121	0.0	0.6910462271074121	0.7228105643947182	0.0	0.0	0.0	1.0	1.8800000000000003
3.1367849181242633	6.205100411510785	0.7642542122944841	-0.6449151099099306	0.0	0.6449151099099306	0.7642542122944841	0.0	0.0	0.0	1.0	1.8900000000000001
3.1375649709078197	6.21113091748373	0.8027938193657986	-0.5962567262413678	0.0	0.5962567262413678	0.8027938193657986	0.0	0.0	0.0	1.0	1.9000000000000004
3.1382832201406696	6.217457052888955	0.8382740102654092	-0.5452491941429615	0.0	0.5452491941429615	0.8382740102654092	0.0	0.0	0.0	1.0	1.9100000000000001
3.138936833403915	6.224053857526343	0.8705497581416173	-0.4920803985118405	0.0	0.4920803985118405	0.8705497581416173	0.0	0.0	0.0	1.0	1.92
3.1395232332862957	6.230895306752379	0.8994870290318765	-0.43694746206312723	0.0	0.43694746206312723	0.8994870290318765	0.0	0.0	0.0	1.0	1.9300000000000002
3.1400401075182636	6.237954414204328	0.9249634089065213	-0.38005616977497875	0.0	0.38005616977497875	0.9249634089065213	0.0	0.0	0.0	1.0	1.94
3.1404854180601074	6.245203338199791	0.9468687095357787	-0.32162034590810523	0.0	0.32162034590810523	0.9468687095357787	0.0	0.0	0.0	1.0	1.9500000000000002
3.1408574091094486	6.252613491393943	0.9651055490521705	-0.2618611830506933	0.0	0.2618611830506933	0.9651055490521705	0.0	0.0	0.0	1.0	1.96
3.14115461399766	6.260155653267926	0.979589902812304	-0.2010065230488331	0.0	0.2010065230488331	0.979589902812304	0.0	0.0	0.0	1.0	1.9700000000000002
3.1413758609490596	6.267800085014694	0.9902516199377637	-0.13929009013793783	0.0	0.13929009013793783	0.9902516199377637	0.0	0.0	0.0	1.0	1.98
3.1415202776810887	6.27551664638264	0.9970349007411058	-0.0769506770871661	0.0	0.0769506770871661	0.9970349007411058	0.0	0.0	0.0	1.0	1.9900000000000002
3.141587294828125	6.283274914032696	0.999898730125852	-0.014231285701183736	0.0	0.014231285701183736	0.999898730125852	0.0	0.0	0.0	1.0	2.0
3.1415766481760223	6.291044300961094	0.9988172619945213	0.04862177641518106	0.0	-0.04862177641518106	0.9988172619945213	0.0	0.0	0.0	1.0	2.0100000000000007
3.141488379698971	6.298794176537586	0.9937801497108425	0.11135984034065241	0.0	-0.11135984034065241	0.9937801497108425	0.0	0.0	0.0	1.0	2.0199999999999996
3.1413228373947835	6.306493986707567	0.9847928177453433	0.17373285848447653	0.0	-0.17373285848447653	0.9847928177453433	0.0	0.0	0.0	1.0	2.0300000000000002
3.141080673919214	6.31411337390613	0.9718766697904745	0.23549042170962534	0.0	-0.23549042170962534	0.9718766697904745	0.0	0.0	0.0	1.0	2.04
3.1407628440244637	6.321622296232815	0.9550692288641345	0.29638280664854294	0.0	-0.29638280664854294	0.9550692288641345	0.0	0.0	0.0	1.0	2.05
3.1403706008115004	6.328991145437359	0.9344242052297188	0.3561620483443013	0.0	-0.3561620483443013	0.9344242052297188	0.0	0.0	0.0	1.0	2.0600000000000005
3.1399054908103223	6.336190863269544	0.9100114883459681	0.41458303279120823	0.0	-0.41458303279120823	0.9100114883459681	0.0	0.0	0.0	1.0	2.0699999999999994
3.139369347906748	6.3431930557499765	0.8819170595191543	0.47140460342373436	0.0	-0.47140460342373436	0.8819170595191543	0.0	0.0	0.0	1.0	2.08
3.138764286138709	6.349970104923679	0.8502428224604037	0.526390675121213	0.0	-0.526390675121213	0.8502428224604037	0.0	0.0	0.0	1.0	2.09
3.138092691389388	6.356495277664638	0.8151063495473988	0.5793113488682177	0.0	-0.5793113488682177	0.8151063495473988	0.0	0.0	0.0	1.0	2.1000000000000005
3.1373572120088165	6.3627428311070835	0.7766405422469338	0.6299440198449292	0.0	-0.6299440198449292	0.7766405422469338	0.0	0.0	0.0	1.0	2.1099999999999994
3.1365607483997464	6.368688114288496	0.7349932048650504	0.6780744714278825	0.0	-0.6780744714278825	0.7349932048650504	0.0	0.0	0.0	1.0	2.12
3.1357064416077147	6.374307665600034	0.6903265315470559	0.7234979473655829	0.0	-0.7234979473655829	0.6903265315470559	0.0	0.0	0.0	1.0	2.13
3.1347976609591868	6.3795793056526096	0.642816507240421	0.7660201942633273	0.0	-0.7660201942633273	0.642816507240421	0.0	0.0	0.0	1.0	2.1400000000000006
3.1338379907955334	6.3844822251810776	0.5926522241497574	0.8054584664713295	0.0	-0.8054584664713295	0.5926522241497574	0.0	0.0	0.0	1.0	2.1499999999999995
3.132831216354273	6.388997067625187	0.5400351160426222	0.8416424855250783	0.0	-0.8416424855250783	0.5400351160426222	0.0	0.0	0.0	1.0	2.16
3.131781308852547	6.3931060060440705	0.4851781135968644	0.8744153464381719	0.0	-0.8744153464381719	0.4851781135968644	0.0	0.0	0.0	1.0	2.17
3.1306924098311266	6.396792814041074	0.4283047248013284	0.9036343633975296	0.0	-0.9036343633975296	0.4283047248013284	0.0	0.0	0.0	1.0	2.1800000000000006
3.129568814820374	6.400042930397844	0.3696480452206172	0.9291718477572255	0.0	-0.9291718477572255	0.3696480452206172	0.0	0.0	0.0	1.0	2.1899999999999995
3.128414956392469	6.40284351714055	0.309449703697658	0.9509158116686418	0.0	-0.9509158116686418	0.309449703697658	0.0	0.0	0.0	1.0	2.2
3.1272353866668654	6.405183510787005	0.24795874978410104	0.9687705912162619	0.0	-0.9687705912162619	0.24795874978410104	0.0	0.0	0.0	1.0	2.21
3.1260347593383044	6.4070536665510955	0.18543048984530863	0.9826573835451139	0.0	-0.9826573835451139	0.18543048984530863	0.0	0.0	0.0	1.0	2.2200000000000006
3.1248178112988145	6.408446595310247	0.122125279374381	0.9925146931596174	0.0	-0.9925146931596174	0.122125279374381	0.0	0.0	0.0	1.0	2.2299999999999995
3.123589343926912	6.40935679317238	0.058307279557128146	0.9982986833361281	0.0	-0.9982986833361281	0.058307279557128146	0.0	0.0	0.0	1.0	2.24
3.1223542041186882	6.409780663510914	-0.005756813450047546	0.9999834294121586	0.0	-0.9999834294121586	-0.005756813450047546	0.0	0.0	0.0	1.0	2.25
3.121117265136635	6.409716531369378	-0.06979905774325942	0.9975610715831654	0.0	-0.9975610715831654	-0.06979905774325942	0.0	0.0	0.0	1.0	2.2600000000000007
3.1198834073528543	6.409164650171168	-0.13355156438508914	0.9910418657404416	0.0	-0.9910418657404416	-0.13355156438508914	0.0	0.0	0.0	1.0	2.2699999999999996
3.1186574989637874	6.408127200704307	-0.19674779648064886	0.9804541318083214	0.0	-0.9804541318083214	-0.19674779648064886	0.0	0.0	0.0	1.0	2.2800000000000002
3.1174443767537223	6.406608282385797	-0.2591238594745553	0.9658440999721492	0.0	-0.9658440999721492	-0.2591238594745553	0.0	0.0	0.0	1.0	2.29
3.1162488269841107	6.4046138968447135	-0.3204197736229653	0.9472756561167439	0.0	-0.9472756561167439	-0.3204197736229653	0.0	0.0	0.0	1.0	2.3000000000000007
3.115075566485181	6.402151923897534	-0.3803807197949771	0.9248299887050891	0.0	-0.9248299887050891	-0.3803807197949771	0.0	0.0	0.0	1.0	2.3099999999999996
3.113929224025408	6.399232090022864	-0.4387582500607852	0.8986051402054173	0.0	-0.8986051402054173	-0.4387582500607852	0.0	0.0	0.0	1.0	2.3200000000000003
3.1128143220331816	6.395865929475573	-0.4953114549234996	0.8687154670095187	0.0	-0.8687154670095187	-0.4953114549234996	0.0	0.0	0.0	1.0	2.33
3.1117352587434395	6.3920667382120655	-0.5498080795420552	0.8352910125640507	0.0	-0.8352910125640507	-0.5498080795420552	0.0	0.0	0.0	1.0	2.34
3.1106962908401794	6.387849520828841	-0.6020255818648422	0.7984767991496674	0.0	-0.7984767991496674	-0.6020255818648422	0.0	0.0	0.0	1.0	2.3500000000000005
3.1097015166635797	6.383230930745338	-0.6517521262390418	0.7584320443803045	0.0	-0.7584320443803045	-0.6517521262390418	0.0	0.0	0.0	1.0	2.3599999999999994
3.1087548600480157	6.378229203889278	-0.6987875067680506	0.71532930904926	0.0	-0.71532930904926	-0.6987875067680506	0.0	0.0	0.0	1.0	2.37
3.1078600548545574	6.372864086168129	-0.7429439954474302	0.6693535834135864	0.0	-0.6693535834135864	-0.7429439954474302	0.0	0.0	0.0	1.0	2.38
3.107020630258561	6.367156755033746	-0.7840471109069928	0.6207013193786509	0.0	-0.6207013193786509	-0.7840471109069928	0.0	0.0	0.0	1.0	2.3900000000000006
3.1062398968498086	6.361129735468862	-0.8219363044096017	0.5695794163182922	0.0	-0.5695794163182922	-0.8219363044096017	0.0	0.0	0.0	1.0	2.3999999999999995
3.1055209335992386	6.354806810743589	-0.8564655605945497	0.516204168440612	0.0	-0.516204168440612	-0.8564655605945497	0.0	0.0	0.0	1.0	2.41
3.1048665757427627	6.34821292830774	-0.8875039112914932	0.4608001816864892	0.0	-0.4608001816864892	-0.8875039112914932	0.0	0.0	0.0	1.0	2.42
3.10427940362891	6.341374101200392	-0.9149358615587326	0.4035992681283996	0.0	-0.4035992681283996	-0.9149358615587326	0.0	0.0	0.0	1.0	2.4300000000000006
3.103761732573158	6.33431730537197	-0.9386617279046717	0.344839325725788	0.0	-0.344839325725788	-0.9386617279046717	0.0	0.0	0.0	1.0	2.4399999999999995
3.1033156037578067	6.327070373326086	-0.9585978894236762	0.2847632110938377	0.0	-0.2847632110938377	-0.9585978894236762	0.0	0.0	0.0	1.0	2.45
3.1029427762121022	6.319661884498763	-0.9746769533066432	0.22361761266250882	0.0	-0.22361761266250882	-0.9746769533066432	0.0	0.0	0.0	1.0	2.46
3.1026447199031253	6.312121052801362	-0.9868478368642716	0.16165193124830887	0.0	-0.16165193124830887	-0.9868478368642716	0.0	0.0	0.0	1.0	2.4700000000000006
3.102422609963632	6.3044776117608805	-0.9950757688191295	0.09911717464202857	0.0	-0.09911717464202857	-0.9950757688191295	0.0	0.0	0.0	1.0	2.4799999999999995
3.1022773220786823	6.296761697697164	-0.9993422131753548	0.036264872339275014	0.0	-0.036264872339275014	-0.9993422131753548	0.0	0.0	0.0	1.0	2.49
3.102209429048473	6.289003731381323	-0.9996447194568117	-0.026653983981997444	0.0	0.026653983981997444	-0.9996447194568117	0.0	0.0	0.0	1.0	2.5
3.1022191985403116	6.281234298623058	-0.99599670351245	-0.0893899691930423	0.0	0.0893899691930423	-0.99599670351245	0.0	0.0	0.0	1.0	2.5100000000000007
3.1023065920382056	6.273484030237118	-0.9884271634190247	-0.15169621819749093	0.0	0.15169621819749093	-0.9884271634190247	0.0	0.0	0.0	1.0	2.5199999999999996
3.1024712649940094	6.265783481840416	-0.976980335265457	-0.21332938031268753	0.0	0.21332938031268753	-0.976980335265457	0.0	0.0	0.0	1.0	2.5300000000000002
3.102712568179558	6.258163013931758	-0.9617152937802685	-0.2740505313060566	0.0	0.2740505313060566	-0.9617152937802685	0.0	0.0	0.0	1.0	2.54
3.103029550234712	6.250652672705473	-0.9427055028652427	-0.33362604045186606	0.0	0.33362604045186606	-0.9427055028652427	0.0	0.0	0.0	1.0	2.5500000000000007
3.103420961401711	6.24328207204866	-0.9200383211276157	-0.3918283905700025	0.0	0.3918283905700025	-0.9200383211276157	0.0	0.0	0.0	1.0	2.5599999999999996
3.103885258431772	6.236080277168991	-0.8938144674631809	-0.4484369495854576	0.0	0.4484369495854576	-0.8938144674631809	0.0	0.0	0.0	1.0	2.5700000000000003
3.104420610645392	6.229075690296351	-0.8641474516386125	-0.503238692696112	0.0	0.503238692696112	-0.8641474516386125	0.0	0.0	0.0	1.0	2.58
3.1050249071234375	6.222295938896465	-0.8311629746581726	-0.556028874751463	0.0	0.556028874751463	-0.8311629746581726	0.0	0.0	0.0	1.0	2.59
3.1056957650017116	6.215767766828547	-0.7949983034841882	-0.6066116529191167	0.0	0.6066116529191167	-0.7949983034841882	0.0	0.0	0.0	1.0	2.6000000000000005
3.106430538837453	6.209516928871245	-0.755801624418538	-0.6548006601449783	0.0	0.6548006601449783	-0.755801624418538	0.0	0.0	0.0	1.0	2.6099999999999994
3.107226331011976	6.203568089032113	-0.7137313791510416	-0.70041953029249	0.0	0.70041953029249	-0.7137313791510416	0.0	0.0	0.0	1.0	2.62
3.1080800031296025	6.19794472304502	-0.6689555871474664	-0.7433023761728389	0.0	0.7433023761728389	-0.6689555871474664	0.0	0.0	0.0	1.0	2.63
3.1089881883690236	6.1926690254475085	-0.6216511576918206	-0.7832942219501042	0.0	0.7832942219501042	-0.6216511576918206	0.0	0.0	0.0	1.0	2.6400000000000006
3.1099473047393897	6.187761821615823	-0.5720031945228969	-0.8202513916206428	0.0	0.8202513916206428	-0.5720031945228969	0.0	0.0	0.0	1.0	2.6499999999999995
3.1109535691897405	6.1832424851192025	-0.5202042956201309	-0.8540418554253436	0.0	0.8540418554253436	-0.5202042956201309	0.0	0.0	0.0	1.0	2.66
3.1120030125168365	6.179128860736938	-0.4664538503069154	-0.8845455361561969	0.0	0.8845455361561969	-0.4664538503069154	0.0	0.0	0.0	1.0	2.67
3.1130914950131348	6.1754371934616366	-0.41095733545653956	-0.9116545773671414	0.0	0.9116545773671414	-0.41095733545653956	0.0	0.0	0.0	1.0	2.6800000000000006
3.114214722793526	6.172182063790101	-0.3539256122146161	-0.93527357549463	0.0	0.93527357549463	-0.3539256122146161	0.0	0.0	0.0	1.0	2.6899999999999995
