3.082006024594735	6.286207389817364	1.0	0.0	0.0	-0.0	1.0	0.0	0.0	0.0	1.0	0.0
3.1415926360371755	6.2862747632421545	0.9999946356776466	0.0032754565988520525	0.0	-0.0032754565988520525	0.9999946356776466	0.0	0.0	0.0	1.0	0.010000000000000002
3.141475104573736	6.308525353214611	0.997805935783646	0.0662066047681252	0.0	-0.0662066047681252	0.997805935783646	0.0	0.0	0.0	1.0	0.020000000000000004
3.1411354425807296	6.3306864397813465	0.9916321642106257	0.12909551077768175	0.0	-0.12909551077768175	0.9916321642106257	0.0	0.0	0.0	1.0	0.03
3.140574979366962	6.352671283579436	0.9814563760419543	0.19168563307299274	0.0	-0.19168563307299274	0.9814563760419543	0.0	0.0	0.0	1.0	0.04000000000000001
3.1397959085922045	6.374393809288025	0.9672786417931271	0.2537164344910348	0.0	-0.2537164344910348	0.9672786417931271	0.0	0.0	0.0	1.0	0.05
3.13880128000102	6.395768930931493	0.9491166998345848	0.31492457842332133	0.0	-0.31492457842332133	0.9491166998345848	0.0	0.0	0.0	1.0	0.06
3.137594987914685	6.416712874779434	0.9270065174822071	0.37504521933429635	0.0	-0.37504521933429635	0.9270065174822071	0.0	0.0	0.0	1.0	0.07
3.136181756509427	6.4371434989843594	0.9010027476753499	0.4338133800166494	0.0	-0.4338133800166494	0.9010027476753499	0.0	0.0	0.0	1.0	0.07999999999999999
3.134567121918067	6.456980609044589	0.8711790688219205	0.49096540616073103	0.0	-0.49096540616073103	0.8711790688219205	0.0	0.0	0.0	1.0	0.09
3.1327574112015895	6.476146268117747	0.837628396304162	0.5462404870612557	0.0	-0.5462404870612557	0.837628396304162	0.0	0.0	0.0	1.0	0.1
3.13075971824725	6.494565101142693	0.8004629553063821	0.5993822296182736	0.0	-0.5993822296182736	0.8004629553063821	0.0	0.0	0.0	1.0	0.10999999999999999
3.128581876660599	6.512164591657828	0.7598142060398362	0.6501402712492539	0.0	-0.6501402712492539	0.7598142060398362	0.0	0.0	0.0	1.0	0.12
3.126232429730282	6.528875370135074	0.7158326140872445	0.6982719159532497	0.0	-0.6982719159532497	0.7158326140872445	0.0	0.0	0.0	1.0	0.13
3.1237205975566247	6.544631492585118	0.6686872604506072	0.7435437765935923	0.0	-0.7435437765935923	0.6686872604506072	0.0	0.0	0.0	1.0	0.14
3.1210562414477203	6.559370708134343	0.618565287935375	0.7857334055272353	0.0	-0.7857334055272353	0.618565287935375	0.0	0.0	0.0	1.0	0.15000000000000002
3.1182498256999973	6.573034714230786	0.5656711827099324	0.8246308950382263	0.0	-0.8246308950382263	0.5656711827099324	0.0	0.0	0.0	1.0	0.16000000000000003
3.115312376893818	6.585569398108751	0.5102258922044272	0.860040428656814	0.0	-0.860040428656814	0.5102258922044272	0.0	0.0	0.0	1.0	0.17000000000000004
3.112255440848437	6.596925063132066	0.45246578291496553	0.8917817643858542	0.0	-0.8917817643858542	0.45246578291496553	0.0	0.0	0.0	1.0	0.18
3.1090910373944194	6.607056638646995	0.39264144411182367	0.9196916311274023	0.0	-0.9196916311274023	0.39264144411182367	0.0	0.0	0.0	1.0	0.19
3.105831613135177	6.615923872008953	0.3310163458643192	0.943625020212284	0.0	-0.943625020212284	0.3310163458643192	0.0	0.0	0.0	1.0	0.2
3.1024899923823703	6.623491501503758	0.2678653621393801	0.9634563548837792	0.0	-0.9634563548837792	0.2678653621393801	0.0	0.0	0.0	1.0	0.21000000000000002
3.099079326462358	6.629729408964312	0.2034731719543491	0.9790805218646912	0.0	-0.9790805218646912	0.2034731719543491	0.0	0.0	0.0	1.0	0.22000000000000003
3.0956130416023644	6.63461275098702	0.13813255361697577	0.990413750728075	0.0	-0.990413750728075	0.13813255361697577	0.0	0.0	0.0	1.0	0.23000000000000004
3.092104785615384	6.6381220677777	0.07214258891933271	0.9973943286704694	0.0	-0.9973943286704694	0.07214258891933271	0.0	0.0	0.0	1.0	0.24
3.088568373611858	6.640243368802286	0.0058067957240799705	0.9999831404195867	0.0	-0.9999831404195867	0.0058067957240799705	0.0	0.0	0.0	1.0	0.25
3.085017732973577	6.640968194580636	-0.060568791346898555	0.9981640253559412	0.0	-0.9981640253559412	-0.060568791346898555	0.0	0.0	0.0	1.0	0.26
3.0814668478310336	6.640293654139119	-0.1266775714712603	0.9919439464436203	0.0	-0.9919439464436203	-0.1266775714712603	0.0	0.0	0.0	1.0	0.27
3.0779297032893393	6.638222437825586	-0.1922143381968471	0.9813529681982667	0.0	-0.9813529681982667	-0.1922143381968471	0.0	0.0	0.0	1.0	0.28
3.0744202296498324	6.634762805384806	-0.25687722857332707	0.9664440436158147	0.0	-0.9664440436158147	-0.25687722857332707	0.0	0.0	0.0	1.0	0.2899999999999999
3.070952246874526	6.629928549389179	-0.32036963955445485	0.9472926126872039	0.0	-0.9472926126872039	-0.32036963955445485	0.0	0.0	0.0	1.0	0.30000000000000004
3.06753940953862	6.623738934314218	-0.3824020909135758	0.9239960177754692	0.0	-0.9239960177754692	-0.3824020909135758	0.0	0.0	0.0	1.0	0.30999999999999994
3.064195152512462	6.616218611736491	-0.4426940148080279	0.8966727436769502	0.0	-0.8966727436769502	-0.4426940148080279	0.0	0.0	0.0	1.0	0.32000000000000006
3.060932637608649	6.607397512309516	-0.5009754533597476	0.8654614925754903	0.0	-0.8654614925754903	-0.5009754533597476	0.0	0.0	0.0	1.0	0.32999999999999996
3.0577647014225837	6.597310715336739	-0.5569886471604072	0.8305201062794444	0.0	-0.8305201062794444	-0.5569886471604072	0.0	0.0	0.0	1.0	0.3400000000000001
3.054703804585835	6.585998296906895	-0.6104894994231287	0.7920243500638713	0.0	-0.7920243500638713	-0.6104894994231287	0.0	0.0	0.0	1.0	0.35
3.051761982641372	6.573505157683301	-0.6612489025469233	0.7501665740890417	0.0	-0.7501665740890417	-0.6612489025469233	0.0	0.0	0.0	1.0	0.36
3.0489507987382556	6.559880831542853	-0.7090539160872796	0.7051542697036536	0.0	-0.7051542697036536	-0.7090539160872796	0.0	0.0	0.0	1.0	0.37
3.046281298330975	6.5451792763415035	-0.7537087874866798	0.6572085389473871	0.0	-0.6572085389473871	-0.7537087874866798	0.0	0.0	0.0	1.0	0.38
3.0437639660555695	6.529458648140432	-0.7950358093602885	0.6065624962317001	0.0	-0.6065624962317001	-0.7950358093602885	0.0	0.0	0.0	1.0	0.39
3.0414086849410937	6.512781060261115	-0.8328760096027343	0.5534596214975633	0.0	-0.5534596214975633	-0.8328760096027343	0.0	0.0	0.0	1.0	0.4
3.0392246981012434	6.495212328549255	-0.8670896730310355	0.4981520841298691	0.0	-0.4981520841298691	-0.8670896730310355	0.0	0.0	0.0	1.0	0.41000000000000003
3.0372205730371746	6.4768217042186365	-0.8975566956582923	0.4408990565639348	0.0	-0.4408990565639348	-0.8975566956582923	0.0	0.0	0.0	1.0	0.41999999999999993
3.0354041686689404	6.457681595618846	-0.9241767749585182	0.3819650358701335	0.0	-0.3819650358701335	-0.9241767749585182	0.0	0.0	0.0	1.0	0.43000000000000005
3.033782605199741	6.437867280228224	-0.9468694415954216	0.32161819067455505	0.0	-0.32161819067455505	-0.9468694415954216	0.0	0.0	0.0	1.0	0.43999999999999995
3.0323622369044125	6.4174566081186315	-0.9655739400132051	0.2601287495979167	0.0	-0.2601287495979167	-0.9655739400132051	0.0	0.0	0.0	1.0	0.45000000000000007
3.031148627921426	6.396529698075132	-0.9802489669976389	0.19776744600682378	0.0	-0.19776744600682378	-0.9802489669976389	0.0	0.0	0.0	1.0	0.45999999999999996
3.0301465311161686	6.3751686274851895	-0.9908722787894368	0.1348040323084906	0.0	-0.1348040323084906	-0.9908722787894368	0.0	0.0	0.0	1.0	0.4700000000000001
3.0293598700724775	6.353457117042063	-0.9974401785543385	0.0715058753214684	0.0	-0.0715058753214684	-0.9974401785543385	0.0	0.0	0.0	1.0	0.48
3.0287917242592886	6.331480211239343	-0.9999668969768327	0.008136642460163162	0.0	-0.008136642460163162	-0.9999668969768327	0.0	0.0	0.0	1.0	0.49
3.028444317409802	6.309323955571323	-0.9984838794446711	-0.05504491338098021	0.0	0.05504491338098021	-0.9984838794446711	0.0	0.0	0.0	1.0	0.5
3.0283190091416983	6.287075071300021	-0.9930389937325164	-0.11778606422965031	0.0	0.11778606422965031	-0.9930389937325164	0.0	0.0	0.0	1.0	0.51
3.02841628983855	6.264820628606766	-0.9836956722835635	-0.17984110856694616	0.0	0.17984110856694616	-0.9836956722835635	0.0	0.0	0.0	1.0	0.52
3.0287357788045552	6.242647718916209	-0.9705320031405675	-0.24097226164012633	0.0	0.24097226164012633	-0.9705320031405675	0.0	0.0	0.0	1.0	0.53
3.0292762256969326	6.220643127164794	-0.953639783308914	-0.30095043394307935	0.0	0.30095043394307935	-0.953639783308914	0.0	0.0	0.0	1.0	0.54
3.0300355152326097	6.19889300478488	-0.9331235478636667	-0.35955589888405853	0.0	0.35955589888405853	-0.9331235478636667	0.0	0.0	0.0	1.0	0.55
3.0310106751580785	6.177482544189836	-0.9090995874616699	-0.41657885217209695	0.0	0.41657885217209695	-0.9090995874616699	0.0	0.0	0.0	1.0	0.56
3.032197887463291	6.1564956555739085	-0.8816949661120077	-0.4718198668271036	0.0	0.4718198668271036	-0.8816949661120077	0.0	0.0	0.0	1.0	0.5700000000000001
3.0335925028121555	6.136014646882269	-0.8510465501175707	-0.5250902489410572	0.0	0.5250902489410572	-0.8510465501175707	0.0	0.0	0.0	1.0	0.5799999999999998
3.0351890581533754	6.116119907859373	-0.8173000580514669	-0.5762123003798765	0.0	0.5762123003798765	-0.8173000580514669	0.0	0.0	0.0	1.0	0.5900000000000001
3.0369812974659953	6.096889599145341	-0.7806091404986514	-0.6250194955119054	0.0	0.6250194955119054	-0.7806091404986514	0.0	0.0	0.0	1.0	0.5999999999999999
3.038962195583997	6.078399347457389	-0.7411344970986664	-0.6713565797773243	0.0	0.6713565797773243	-0.7411344970986664	0.0	0.0	0.0	1.0	0.6100000000000001
3.0411239850335785	6.060721947963355	-0.699043037192077	-0.715079598473678	0.0	0.715079598473678	-0.699043037192077	0.0	0.0	0.0	1.0	0.6199999999999999
3.0434581858053233	6.04392707502335	-0.6545070891216634	-0.7560558645295248	0.0	0.7560558645295248	-0.6545070891216634	0.0	0.0	0.0	1.0	0.6300000000000001
3.0459556379714066	6.028081002540026	-0.6077036619890069	-0.7941638742760532	0.0	0.7941638742760532	-0.6077036619890069	0.0	0.0	0.0	1.0	0.6399999999999999
3.04860653704528	6.013246335214076	-0.5588137624349493	-0.8292931803127868	0.0	0.8292931803127868	-0.5588137624349493	0.0	0.0	0.0	1.0	0.6500000000000001
3.0514004719680994	5.99948175204601	-0.508021767814259	-0.8613442305065235	0.0	0.8613442305065235	-0.508021767814259	0.0	0.0	0.0	1.0	0.6599999999999999
3.0543264655925872	5.986841763454496	-0.4555148559841706	-0.8902281819723079	0.0	0.8902281819723079	-0.4555148559841706	0.0	0.0	0.0	1.0	0.6700000000000002
3.0573730175212614	5.975376483392947	-0.40148249083538573	-0.9158666985716942	0.0	0.9158666985716942	-0.40148249083538573	0.0	0.0	0.0	1.0	0.6799999999999999
3.060528149142181	5.965131417836967	-0.34611596167256	-0.9381917400379728	0.0	0.9381917400379728	-0.34611596167256	0.0	0.0	0.0	1.0	0.6900000000000002
3.06377945069177	5.956147270984156	-0.2896079736080405	-0.9571453503113541	0.0	0.9571453503113541	-0.2896079736080405	0.0	0.0	0.0	1.0	0.7
3.067114130161137	5.948459770453219	-0.2321522852744647	-0.9726794520507995	0.0	0.9726794520507995	-0.2321522852744647	0.0	0.0	0.0	1.0	0.71
3.0705190638498174	5.942099512691289	-0.17394338939479512	-0.9847556535942562	0.0	0.9847556535942562	-0.17394338939479512	0.0	0.0	0.0	1.0	0.72
3.0739808483592546	5.937091829696781	-0.11517623107671797	-0.9933450738766275	0.0	0.9933450738766275	-0.11517623107671797	0.0	0.0	0.0	1.0	0.73
3.077485853807901	5.933456678041527	-0.05604595812583093	-0.9984281899955338	0.0	0.9984281899955338	-0.05604595812583093	0.0	0.0	0.0	1.0	0.74
3.0810202780406604	5.931208551031907	0.0032523027988349824	-0.999994711249267	0.0	0.999994711249267	0.0032523027988349824	0.0	0.0	0.0	1.0	0.75
3.08457020159782	5.930356414686903	0.06252365073071744	-0.9980434825694235	0.0	0.9980434825694235	0.06252365073071744	0.0	0.0	0.0	1.0	0.76
3.0881216432027037	5.930903668034656	0.1215736024493142	-0.9925824193423417	0.0	0.9925824193423417	0.1215736024493142	0.0	0.0	0.0	1.0	0.77
3.0916606155231987	5.932848128041675	0.18020827900473854	-0.9836284746682308	0.0	0.9836284746682308	0.18020827900473854	0.0	0.0	0.0	1.0	0.78
3.095173180960137	5.936182039294609	0.2382345937277964	-0.9712076391541368	0.0	0.9712076391541368	0.2382345937277964	0.0	0.0	0.0	1.0	0.79
3.0986455072152985	5.940892108357505	0.295460448685889	-0.9553549723858318	0.0	0.9553549723858318	0.295460448685889	0.0	0.0	0.0	1.0	0.8
3.102063922393545	5.946959562532222	0.3516949463858469	-0.9361146642835249	0.0	0.9361146642835249	0.3516949463858469	0.0	0.0	0.0	1.0	0.81
3.105414969397286	5.954360232560466	0.40674862326164385	-0.9135401236260822	0.0	0.9135401236260822	0.40674862326164385	0.0	0.0	0.0	1.0	0.8200000000000001
3.108685459376977	5.963064658626781	0.46043371111924114	-0.8876940901374546	0.0	0.8876940901374546	0.46043371111924114	0.0	0.0	0.0	1.0	0.8300000000000001
3.1118625240086004	5.973038218856581	0.5125644322444648	-0.8586487656765771	0.0	0.8586487656765771	0.5125644322444648	0.0	0.0	0.0	1.0	0.8399999999999999
3.1149336663778984	5.984241279355233	0.5629573333152799	-0.8264859592676388	0.0	0.8264859592676388	0.5629573333152799	0.0	0.0	0.0	1.0	0.8500000000000001
3.117886810261297	5.996629364705883	0.6114316626001643	-0.7912972399610647	0.0	0.7912972399610647	0.6114316626001643	0.0	0.0	0.0	1.0	0.8599999999999999
3.1207103476048625	6.010153347737321	0.6578097941734405	-0.753184090836693	0.0	0.753184090836693	0.6578097941734405	0.0	0.0	0.0	1.0	0.8700000000000001
3.123393184014904	6.024759657289895	0.7019177020410002	-0.7122580568596482	0.0	0.7122580568596482	0.7019177020410002	0.0	0.0	0.0	1.0	0.8799999999999999
3.125924782086907	6.040390502647854	0.743585486151852	-0.6686408787864483	0.0	0.6686408787864483	0.743585486151852	0.0	0.0	0.0	1.0	0.8900000000000001
3.1282952024129678	6.056984113270334	0.7826479512790123	-0.6224646049043792	0.0	0.6224646049043792	0.7826479512790123	0.0	0.0	0.0	1.0	0.8999999999999999
3.130495142121653	6.074474992439484	0.8189452386959704	-0.5738716720811371	0.0	0.5738716720811371	0.8189452386959704	0.0	0.0	0.0	1.0	0.9100000000000001
3.1325159708180093	6.0927941834513275	0.8523235094617015	-0.523014947414401	0.0	0.523014947414401	0.8523235094617015	0.0	0.0	0.0	1.0	0.9199999999999999
3.134349763805064	6.111869547000575	0.8826356769694318	-0.4700577217116139	0.0	0.4700577217116139	0.8826356769694318	0.0	0.0	0.0	1.0	0.9300000000000002
3.1359893324814343	6.131626048451958	0.9097421852247004	-0.41517364610797153	0.0	0.41517364610797153	0.9097421852247004	0.0	0.0	0.0	1.0	0.94
3.137428251822482	6.151986053744557	0.9335118281114484	-0.3585466033530672	0.0	0.3585466033530672	0.9335118281114484	0.0	0.0	0.0	1.0	0.9500000000000002
3.138660884864659	6.17286963273854	0.9538226036968759	-0.3003705056707678	0.0	0.3003705056707678	0.9538226036968759	0.0	0.0	0.0	1.0	0.96
3.1396824041242546	6.194194868882043	0.9705625964347011	-0.2408490116274748	0.0	0.2408490116274748	0.9705625964347011	0.0	0.0	0.0	1.0	0.97
3.140488809892616	6.215878174146029	0.9836308789714162	-0.18019515513442433	0.0	0.18019515513442433	0.9836308789714162	0.0	0.0	0.0	1.0	0.98
3.1410769453600977	6.237834608243161	0.9929384241620505	-0.1186308805606024	0.0	0.1186308805606024	0.9929384241620505	0.0	0.0	0.0	1.0	0.99
3.141444508530489	6.259978201209803	0.9984090168825795	-0.05638647894274884	0.0	0.05638647894274884	0.9984090168825795	0.0	0.0	0.0	1.0	1.0
3.141590060896613	6.282222278485172	0.9999801543081607	0.006300078557229645	0.0	-0.006300078557229645	0.9999801543081607	0.0	0.0	0.0	1.0	1.0100000000000002
3.141513032856201	6.304479787665845	0.9976039225328673	0.06918391248720238	0.0	-0.06918391248720238	0.9976039225328673	0.0	0.0	0.0	1.0	1.02
3.1412137258552026	6.326663626145318	0.9912478367604876	0.1320141133275299	0.0	-0.1320141133275299	0.9912478367604876	0.0	0.0	0.0	1.0	1.0300000000000002
3.1406933112534885	6.348686968865629	0.9808956318195863	0.19453472563338056	0.0	-0.19453472563338056	0.9808956318195863	0.0	0.0	0.0	1.0	1.04
3.139953825915614	6.370463595410527	0.9665479894704739	0.2564858359648439	0.0	-0.2564858359648439	0.9665479894704739	0.0	0.0	0.0	1.0	1.0500000000000003
3.1389981645370666	6.391908215657028	0.9482231888961498	0.3176047607319778	0.0	-0.3176047607319778	0.9482231888961498	0.0	0.0	0.0	1.0	1.06
3.1378300687243774	6.412936793175195	0.9259576669202336	0.3776273282902571	0.0	-0.3776273282902571	0.9259576669202336	0.0	0.0	0.0	1.0	1.0700000000000003
3.136454112855765	6.433466865525703	0.8998064748856286	0.4362892478091785	0.0	-0.4362892478091785	0.8998064748856286	0.0	0.0	0.0	1.0	1.08
3.1348756867577583	6.453417860553068	0.8698436197673327	0.4933275556362772	0.0	-0.4933275556362772	0.8698436197673327	0.0	0.0	0.0	1.0	1.0900000000000003
3.13310097524255	6.472711407711776	0.8361622779860728	0.5484821281255585	0.0	-0.5484821281255585	0.8361622779860728	0.0	0.0	0.0	1.0	1.1
3.1311369345607956	6.491271643395699	0.7988748715354389	0.6014972482308095	0.0	-0.6014972482308095	0.7988748715354389	0.0	0.0	0.0	1.0	1.1100000000000003
3.1289912658352392	6.50902550917148	0.7581129974276591	0.6521232116182111	0.0	-0.6521232116182111	0.7581129974276591	0.0	0.0	0.0	1.0	1.12
3.1266723855518848	6.5259030417474255	0.714027203089389	0.7001179566675493	0.0	-0.7001179566675493	0.714027203089389	0.0	0.0	0.0	1.0	1.1300000000000003
3.124189393197442	6.541837653444549	0.6667866021802735	0.7452487015439112	0.0	-0.7452487015439112	0.6667866021802735	0.0	0.0	0.0	1.0	1.1400000000000001
3.1215520361444433	6.556766401879435	0.6165783273383367	0.7872935705673322	0.0	-0.7872935705673322	0.6165783273383367	0.0	0.0	0.0	1.0	1.1500000000000004
3.11877067189854	6.5706302475230665	0.5636068185465577	0.8260431914178747	0.0	-0.8260431914178747	0.5636068185465577	0.0	0.0	0.0	1.0	1.1599999999999997
3.115856227836048	6.583374297768986	0.5080929481273038	0.8613022443157251	0.0	-0.8613022443157251	0.5080929481273038	0.0	0.0	0.0	1.0	1.17
3.1128201585735615	6.594948036131106	0.45027298576419744	0.8928909442317101	0.0	-0.8928909442317101	0.45027298576419744	0.0	0.0	0.0	1.0	1.1800000000000002
3.109674401125231	6.605305535198516	0.39039740937821127	0.920646437429039	0.0	-0.920646437429039	0.39039740937821127	0.0	0.0	0.0	1.0	1.19
3.1064313280169285	6.614405652003738	0.3287295700978747	0.9444240942199996	0.0	-0.9444240942199996	0.3287295700978747	0.0	0.0	0.0	1.0	1.2000000000000002
3.1031036985397074	6.622212204513053	0.2655442219112273	0.9640986807425684	0.0	-0.9640986807425684	0.2655442219112273	0.0	0.0	0.0	1.0	1.21
3.0997046083375364	6.628694128023501	0.20112592881855987	0.9795653938134358	0.0	-0.9795653938134358	0.20112592881855987	0.0	0.0	0.0	1.0	1.2200000000000002
3.0962474375359643	6.633825610350321	0.13576736436980827	0.9907407444796422	0.0	-0.9907407444796422	0.13576736436980827	0.0	0.0	0.0	1.0	1.23
3.092745797628953	6.63758620481021	0.06976752032069118	0.9975632777464806	0.0	-0.9975632777464806	0.06976752032069118	0.0	0.0	0.0	1.0	1.2400000000000002
3.089213477350372	6.639960920147818	0.00342984273377675	0.9999941180721122	0.0	-0.9999941180721122	0.00342984273377675	0.0	0.0	0.0	1.0	1.25
3.0856643877643934	6.640940286712958	-0.06293968485424885	0.9980173325501156	0.0	-0.9980173325501156	-0.06293968485424885	0.0	0.0	0.0	1.0	1.2600000000000002
3.0821125068150796	6.64052039837104	-0.12903449061132818	0.9916401062041991	0.0	-0.9916401062041991	-0.12903449061132818	0.0	0.0	0.0	1.0	1.27
3.078571823579727	6.63870292981548	-0.1945493747337418	0.9808927264439828	0.0	-0.9808927264439828	-0.1945493747337418	0.0	0.0	0.0	1.0	1.2800000000000002
3.075056282472855	6.635495129144521	-0.2591824594691393	0.9658283764228136	0.0	-0.9658283764228136	-0.2591824594691393	0.0	0.0	0.0	1.0	1.29
3.071579727648146	6.6309097857614665	-0.3226371075245229	0.9465227397417398	0.0	-0.9465227397417398	-0.3226371075245229	0.0	0.0	0.0	1.0	1.3000000000000003
3.0681558478440416	6.6249651738527575	-0.38462378804909025	0.9230734216013201	0.0	-0.9230734216013201	-0.38462378804909025	0.0	0.0	0.0	1.0	1.31
3.0647981219152327	6.617684971887978	-0.44486187024781976	0.8955991940592689	0.0	-0.8955991940592689	-0.44486187024781976	0.0	0.0	0.0	1.0	1.3200000000000003
3.06151976528689	6.609098158765899	-0.5030813258884724	0.8642390754544118	0.0	-0.8642390754544118	-0.5030813258884724	0.0	0.0	0.0	1.0	1.33
3.0583336775614165	6.599238887397078	-0.5590243234839594	0.8291512562574463	0.0	-0.8291512562574463	-0.5590243234839594	0.0	0.0	0.0	1.0	1.3400000000000003
3.0552523914988194	6.588146336663172	-0.612446698727513	0.7905118855638863	0.0	-0.7905118855638863	-0.612446698727513	0.0	0.0	0.0	1.0	1.35
3.052288023581717	6.575864542823088	-0.6631192877881378	0.7485137341180542	0.0	-0.7485137341180542	-0.6631192877881378	0.0	0.0	0.0	1.0	1.3600000000000003
3.049452226364743	6.562442211544499	-0.7108291122913084	0.703364751120747	0.0	-0.703364751120747	-0.7108291122913084	0.0	0.0	0.0	1.0	1.37
3.0467561427958474	6.547932511824494	-0.7553804071651116	0.655286533106755	0.0	-0.655286533106755	-0.7553804071651116	0.0	0.0	0.0	1.0	1.3800000000000003
3.044210362684051	6.532392853124903	-0.7965954849728046	0.6045127238701781	0.0	-0.6045127238701781	-0.7965954849728046	0.0	0.0	0.0	1.0	1.3900000000000001
3.0418248814746995	6.515884647085983	-0.8343154328272934	0.5512873647619779	0.0	-0.5512873647619779	-0.8343154328272934	0.0	0.0	0.0	1.0	1.4000000000000004
3.0396090614795557	6.4984730551979135	-0.8684006404400334	0.4958632146906441	0.0	-0.4958632146906441	-0.8684006404400334	0.0	0.0	0.0	1.0	1.4099999999999997
3.037571595695249	6.480226723804181	-0.8987311602481899	0.4385000588357345	0.0	-0.4385000588357345	-0.8987311602481899	0.0	0.0	0.0	1.0	1.42
3.035720474329972	6.461217507787019	-0.9252069028445038	0.37946302445545477	0.0	-0.37946302445545477	-0.9252069028445038	0.0	0.0	0.0	1.0	1.4300000000000002
3.0340629541449906	6.441520184244963	-0.9477476730645061	0.31902092125880105	0.0	-0.31902092125880105	-0.9477476730645061	0.0	0.0	0.0	1.0	1.44
3.0326055307046733	6.421212157419868	-0.9662930540306107	0.2574446226515427	0.0	-0.2574446226515427	-0.9662930540306107	0.0	0.0	0.0	1.0	1.4500000000000002
3.0313539136164795	6.400373156068529	-0.9808021481840548	0.19500550278785356	0.0	-0.19500550278785356	-0.9808021481840548	0.0	0.0	0.0	1.0	1.46
3.0303130048307207	6.37908492440615	-0.9912531858313907	0.13197394280356511	0.0	-0.13197394280356511	-0.9912531858313907	0.0	0.0	0.0	1.0	1.4700000000000002
3.0294868800589727	6.357430907679037	-0.9976430129767939	0.06861791791204842	0.0	-0.06861791791204842	-0.9976430129767939	0.0	0.0	0.0	1.0	1.48
3.0288787733597977	6.33549593335546	-0.9999864711957873	0.005201675249065863	0.0	-0.005201675249065863	-0.9999864711957873	0.0	0.0	0.0	1.0	1.4900000000000002
3.0284910649308507	6.313365888860169	-0.998315683027091	-0.05801548950196929	0.0	0.05801548950196929	-0.998315683027091	0.0	0.0	0.0	1.0	1.5
3.0283252721374785	6.291127396722417	-0.9926792568200654	-0.12078035055075234	0.0	0.12078035055075234	-0.9926792568200654	0.0	0.0	0.0	1.0	1.5100000000000002
3.0283820437994535	6.2688674879623525	-0.9831414251835511	-0.18284676121839283	0.0	0.18284676121839283	-0.9831414251835511	0.0	0.0	0.0	1.0	1.52
3.028661157749404	6.246673274508018	-0.9697811311503358	-0.24397655146504396	0.0	0.24397655146504396	-0.9697811311503358	0.0	0.0	0.0	1.0	1.5300000000000002
3.029161521668691	6.224631621416826	-0.9526910759163393	-0.3039403130046556	0.0	0.3039403130046556	-0.9526910759163393	0.0	0.0	0.0	1.0	1.54
3.0298811771987646	6.202828819671701	-0.9319767415542078	-0.3625180729315455	0.0	0.3625180729315455	-0.9319767415542078	0.0	0.0	0.0	1.0	1.5500000000000003
3.030817307318293	6.181350260333552	-0.9077554014591236	-0.4194998583096133	0.0	0.4194998583096133	-0.9077554014591236	0.0	0.0	0.0	1.0	1.56
3.0319662469684268	6.160280110857669	-0.8801551304834566	-0.4746861555634939	0.0	0.4746861555634939	-0.8801551304834566	0.0	0.0	0.0	1.0	1.5700000000000003
3.033323496900292	6.1397009944209895	-0.849313825780723	-0.5278882697481653	0.0	0.5278882697481653	-0.849313825780723	0.0	0.0	0.0	1.0	1.58
3.034883740710105	6.119693673158034	-0.8153782483325179	-0.5789285898504192	0.0	0.5789285898504192	-0.8153782483325179	0.0	0.0	0.0	1.0	1.5900000000000003
3.0366408650180263	6.1003367362634835	-0.7785030939990647	-0.627640767186042	0.0	0.627640767186042	-0.7785030939990647	0.0	0.0	0.0	1.0	1.6
3.038587982736969	6.081706293985889	-0.7388501017380983	-0.6738698146983598	0.0	0.6738698146983598	-0.7388501017380983	0.0	0.0	0.0	1.0	1.6100000000000003
3.0407174593669968	6.063875678606782	-0.6965872054005636	-0.7174721355371462	0.0	0.7174721355371462	-0.6965872054005636	0.0	0.0	0.0	1.0	1.62
3.043020942239654	6.046915153568881	-0.6518877342558811	-0.7583154897051316	0.0	0.7583154897051316	-0.6518877342558811	0.0	0.0	0.0	1.0	1.6300000000000003
3.0454893926246043	6.0308916319826755	-0.6049296661438545	-0.7962789078074872	0.0	0.7962789078074872	-0.6049296661438545	0.0	0.0	0.0	1.0	1.6400000000000001
3.0481131205983902	6.015868405798552	-0.5558949359120781	-0.8312525610350363	0.0	0.8312525610350363	-0.5558949359120781	0.0	0.0	0.0	1.0	1.6500000000000004
3.050881822561993	6.001904886978465	-0.5049688005928978	-0.8631375964629106	0.0	0.8631375964629106	-0.5049688005928978	0.0	0.0	0.0	1.0	1.6600000000000001
3.0537846212803865	5.9890563620333515	-0.4523392616162428	-0.8918459465627863	0.0	0.8918459465627863	-0.4523392616162428	0.0	0.0	0.0	1.0	1.67
3.05681010830352	5.977373761307376	-0.39819654325627474	-0.91730012151899	0.0	0.91730012151899	-0.39819654325627474	0.0	0.0	0.0	1.0	1.6800000000000002
3.059946388614384	5.966903444384864	-0.34273262548088856	-0.939432992517815	0.0	0.939432992517815	-0.34273262548088856	0.0	0.0	0.0	1.0	1.69
3.06318112733617	5.957687002968774	-0.28614082842243643	-0.9581875736564953	0.0	0.9581875736564953	-0.28614082842243643	0.0	0.0	0.0	1.0	1.7000000000000002
3.0665015983172914	5.949761082529389	-0.22861544482281146	-0.9735168095048324	0.0	0.9735168095048324	-0.22861544482281146	0.0	0.0	0.0	1.0	1.71
3.0698947344003966	5.943157223948042	-0.1703514160318588	-0.9853833746598025	0.0	0.9853833746598025	-0.1703514160318588	0.0	0.0	0.0	1.0	1.7200000000000002
3.0733471791697458	5.93790172628342	-0.1115440464598331	-0.9937594908725988	0.0	0.9937594908725988	-0.1115440464598331	0.0	0.0	0.0	1.0	1.73
3.0768453399606175	5.934015531668245	-0.05238875080552336	-0.9986267665094086	0.0	0.9986267665094086	-0.05238875080552336	0.0	0.0	0.0	1.0	1.7400000000000002
3.0803754419050398	5.931514133203659	0.006919172095320665	-0.9999760622422497	0.0	0.9999760622422497	0.006919172095320665	0.0	0.0	0.0	1.0	1.75
3.0839235827802405	5.930407506559894	0.06618474532997427	-0.9978073859646494	0.0	0.9978073859646494	0.06618474532997427	0.0	0.0	0.0	1.0	1.7600000000000002
3.087475788420002	5.930700065817819	0.1252135066740167	-0.9921298189987015	0.0	0.9921298189987015	0.1252135066740167	0.0	0.0	0.0	1.0	1.77
3.0910180684446686	5.932390643900261	0.18381169502145364	-0.9829614747147216	0.0	0.9829614747147216	0.18381169502145364	0.0	0.0	0.0	1.0	1.7800000000000002
3.0945364720630417	5.935472497748707	0.24178643749589548	-0.970329489731732	0.0	0.970329489731732	0.24178643749589548	0.0	0.0	0.0	1.0	1.79
3.0980171436988178	5.939933338204131	0.29894594421024456	-0.9542700469155706	0.0	0.9542700469155706	0.29894594421024456	0.0	0.0	0.0	1.0	1.8000000000000003
3.1014463781956247	5.945755384354866	0.3550997174884795	-0.9348284284506981	0.0	0.9348284284506981	0.3550997174884795	0.0	0.0	0.0	1.0	1.81
3.1048106753580353	5.952915441923756	0.41005878210553415	-0.912059096340871	0.0	0.912059096340871	0.41005878210553415	0.0	0.0	0.0	1.0	1.8200000000000003
3.108096793591134	5.961385005085615	0.46363594274108694	-0.8860257968019801	0.0	0.8860257968019801	0.46363594274108694	0.0	0.0	0.0	1.0	1.83
3.111291802408139	5.971130380937967	0.5156460743825739	-0.8568016841567488	0.0	0.8568016841567488	0.5156460743825739	0.0	0.0	0.0	1.0	1.8400000000000003
3.114383133584143	5.9821128356966	0.56590645085406	-0.8244694590351794	0.0	0.8244694590351794	0.56590645085406	0.0	0.0	0.0	1.0	1.85
3.1173586307439596	5.994288761555437	0.6142371159941924	-0.789121514936158	0.0	0.789121514936158	0.6142371159941924	0.0	0.0	0.0	1.0	1.8600000000000003
3.120206597183266	6.0076098630396775	0.6604613012618531	-0.7508600865244469	0.0	0.7508600865244469	0.6604613012618531	0.0	0.0	0.0	1.0	1.87
3.122915841734369	6.022023361593601	0.7044058927173501	-0.7097973924332724	0.0	0.7097973924332724	0.7044058927173501	0.0	0.0	0.0	1.0	1.8800000000000003
3.1254757225008474	6.037472217080545	0.7459019494154916	-0.6660557648261664	0.0	0.6660557648261664	0.7459019494154916	0.0	0.0	0.0	1.0	1.8900000000000001
3.1278761882987673	6.053895364832106	0.7847852742617963	-0.6197677575526473	0.0	0.6197677575526473	0.7847852742617963	0.0	0.0	0.0	1.0	1.9000000000000004
3.13010781765588	6.07122796686598	0.8208970373323193	-0.571076224421067	0.0	0.571076224421067	0.8208970373323193	0.0	0.0	0.0	1.0	1.9100000000000001
3.132161855234031	6.089401675895278	0.8540844505508782	-0.5201343589181593	0.0	0.5201343589181593	0.8540844505508782	0.0	0.0	0.0	1.0	1.92
3.1340302455536473	6.108344910774613	0.8842014914657363	-0.4671056866382249	0.0	0.4671056866382249	0.8842014914657363	0.0	0.0	0.0	1.0	1.9300000000000002
3.135705663912551	6.1279831420669755	0.9111096726838432	-0.4121640017540835	0.0	0.4121640017540835	0.9111096726838432	0.0	0.0	0.0	1.0	1.94
3.137181544404239	6.148239186467281	0.9346788523188081	-0.3554932390749449	0.0	0.3554932390749449	0.9346788523188081	0.0	0.0	0.0	1.0	1.9500000000000002
3.1384521049530947	6.169033508880031	0.9547880796048657	-0.29728727359988477	0.0	0.29728727359988477	0.9547880796048657	0.0	0.0	0.0	1.0	1.96
3.139512369295696	6.1902845310161725	0.971326468640907	-0.23774963999464901	0.0	0.23774963999464901	0.971326468640907	0.0	0.0	0.0	1.0	1.9700000000000002
3.140358185848365	6.211908945444238	0.9841940920752054	-0.1770931650975334	0.0	0.1770931650975334	0.9841940920752054	0.0	0.0	0.0	1.0	1.98
3.140986243411407	6.233822034099704	0.9933028854434438	-0.11553950739781076	0.0	0.11553950739781076	0.9933028854434438	0.0	0.0	0.0	1.0	1.9900000000000002
3.141394083670111	6.255937990320724	0.9985775518515592	-0.05331859842631642	0.0	0.05331859842631642	0.9985775518515592	0.0	0.0	0.0	1.0	2.0
3.1415801104616206	6.278170243534978	0.9999564557733506	0.009332017852494325	0.0	-0.009332017852494325	0.9999564557733506	0.0	0.0	0.0	1.0	2.0100000000000007
3.1415435957852695	6.300431785768712	0.997392493933561	0.07216795026181286	0.0	-0.07216795026181286	0.997392493933561	0.0	0.0	0.0	1.0	2.0199999999999996
3.1412846825421092	6.322635499182947	0.9908539305931499	0.1349388314315248	0.0	-0.1349388314315248	0.9908539305931499	0.0	0.0	0.0	1.0	2.0300000000000002
3.1408043839971738	6.344694483861823	0.9803251840669718	0.1973892942488468	0.0	-0.1973892942488468	0.9803251840669718	0.0	0.0	0.0	1.0	2.04
3.1401045799657448	6.366522385083209	0.9658075510061468	0.2592600517231866	0.0	-0.2592600517231866	0.9658075510061468	0.0	0.0	0.0	1.0	2.05
3.1391880097326226	6.388033719291851	0.9473198548873244	0.32028907651722793	0.0	-0.32028907651722793	0.9473198548873244	0.0	0.0	0.0	1.0	2.0600000000000005
3.1380582617213073	6.409144197970829	0.9248990052854718	0.38021287461361014	0.0	-0.38021287461361014	0.9248990052854718	0.0	0.0	0.0	1.0	2.0699999999999994
3.136719759938228	6.429771048569105	0.8986004548792121	0.4387678457805142	0.0	-0.4387678457805142	0.8986004548792121	0.0	0.0	0.0	1.0	2.08
3.135177747225825	6.4498333315932275	0.86849854175776	0.495691721702758	0.0	-0.495691721702758	0.86849854175776	0.0	0.0	0.0	1.0	2.09
3.1334382653674853	6.469252252911988	0.8346867054707827	0.5507250708932099	0.0	-0.5507250708932099	0.8346867054707827	0.0	0.0	0.0	1.0	2.1000000000000005
3.1315081320972116	6.48795147025691	0.797277566387282	0.6036128578282386	0.0	-0.6036128578282386	0.797277566387282	0.0	0.0	0.0	1.0	2.1099999999999994
3.129394915077384	6.505857392831992	0.756402859300346	0.6541060421997805	0.0	-0.6541060421997805	0.756402859300346	0.0	0.0	0.0	1.0	2.12
3.127106902919229	6.522899472876638	0.7122132138200501	0.7019632027821086	0.0	-0.7019632027821086	0.7122132138200501	0.0	0.0	0.0	1.0	2.13
3.1246530733325013	6.539010487959726	0.6648777759180001	0.7469521692118806	0.0	-0.7469521692118806	0.6648777759180001	0.0	0.0	0.0	1.0	2.1400000000000006
3.122043058503406	6.554126812724116	0.6145836670003996	0.7888516440094057	0.0	-0.7888516440094057	0.6145836670003996	0.0	0.0	0.0	1.0	2.1499999999999995
3.11928710781287	6.5681886787530175	0.5615352790606682	0.8274527964604733	0.0	-0.8274527964604733	0.5615352790606682	0.0	0.0	0.0	1.0	2.16
3.116396048020736	6.581140421195961	0.5059534067623151	0.8625608095581478	0.0	-0.8625608095581478	0.5059534067623151	0.0	0.0	0.0	1.0	2.17
3.113381241055179	6.592930710775604	0.4480742196857785	0.893996361096051	0.0	-0.893996361096051	0.4480742196857785	0.0	0.0	0.0	1.0	2.1800000000000006
3.1102545395604535	6.60351276979989	0.38814808039495774	0.9215970202239748	0.0	-0.9215970202239748	0.38814808039495774	0.0	0.0	0.0	1.0	2.1899999999999995
3.1070282403697322	6.612844570828972	0.32643821639039505	0.9452185413330918	0.0	-0.9452185413330918	0.32643821639039505	0.0	0.0	0.0	1.0	2.2
3.103715036083081	6.620889016694316	0.2632192563671683	0.9647360380319142	0.0	-0.9647360380319142	0.2632192563671683	0.0	0.0	0.0	1.0	2.21
3.1003279649433284	6.627614100638958	0.19877564343413603	0.9800450211992024	0.0	-0.9800450211992024	0.19877564343413603	0.0	0.0	0.0	1.0	2.2200000000000006
3.0968803592144254	6.632993045442968	0.13339994002821853	0.9910622866401827	0.0	-0.9910622866401827	0.13339994002821853	0.0	0.0	0.0	1.0	2.2299999999999995
3.0933857922777115	6.6370044205157575	0.06739104112348845	0.9977266397046299	0.0	-0.9977266397046299	0.06739104112348845	0.0	0.0	0.0	1.0	2.24
3.0898580246709972	6.639632236075389	0.0010523139471464635	0.9999994463175251	0.0	-0.9999994463175251	0.0010523139471464635	0.0	0.0	0.0	1.0	2.25
3.0863109493034067	6.6408660136920075	-0.06531031626744545	0.9978650021866917	0.0	-0.9978650021866917	-0.06531031626744545	0.0	0.0	0.0	1.0	2.2600000000000007
3.082758536085315	6.640700832645111	-0.13139031396771553	0.9913307144416869	0.0	-0.9913307144416869	-0.13139031396771553	0.0	0.0	0.0	1.0	2.2699999999999996
3.0792147762172952	6.6391373517288415	-0.19688249324494755	0.9804270925742786	0.0	-0.9804270925742786	-0.19688249324494755	0.0	0.0	0.0	1.0	2.2800000000000002
3.075693626384693	6.63618180633214	-0.2614849686356829	0.9652075482390282	0.0	-0.9652075482390282	-0.2614849686356829	0.0	0.0	0.0	1.0	2.29
3.0722089531051924	6.631845980816929	-0.3249010754258914	0.9457480061766449	0.0	-0.9457480061766449	-0.3249010754258914	0.0	0.0	0.0	1.0	2.3000000000000007
3.068774477475537	6.626147156413527	-0.38684123859756925	0.9221463311862703	0.0	-0.9221463311862703	-0.38684123859756925	0.0	0.0	0.0	1.0	2.3099999999999996
3.065403720560393	6.61910803504341	-0.44702477039635957	0.8945215786397118	0.0	-0.8945215786397118	-0.44702477039635957	0.0	0.0	0.0	1.0	2.3200000000000003
3.0621099496613233	6.610756639661638	-0.5051815776802864	0.8630130784480944	0.0	-0.8630130784480944	-0.5051815776802864	0.0	0.0	0.0	1.0	2.33
3.058906125697072	6.601126191880266	-0.5610537617070501	0.8277793646101409	0.0	-0.8277793646101409	-0.5610537617070501	0.0	0.0	0.0	1.0	2.34
3.055804851917931	6.590254967787101	-0.6143970947940987	0.7889969644482617	0.0	-0.7889969644482617	-0.6143970947940987	0.0	0.0	0.0	1.0	2.3500000000000005
3.052818324167147	6.578186133007822	-0.6649823603012579	0.7468590633366967	0.0	-0.7468590633366967	-0.6649823603012579	0.0	0.0	0.0	1.0	2.3599999999999994
3.0499582828912484	6.564967558171913	-0.7125965445931193	0.7015740621160012	0.0	-0.7015740621160012	-0.7125965445931193	0.0	0.0	0.0	1.0	2.37
3.0472359670890974	6.550651616032489	-0.7570438719877512	0.6533640454492375	0.0	-0.6533640454492375	-0.7570438719877512	0.0	0.0	0.0	1.0	2.38
3.0446620703766083	6.535294961555961	-0.7981466761383742	0.6024631800942406	0.0	-0.6024631800942406	-0.7981466761383742	0.0	0.0	0.0	1.0	2.3900000000000006
3.04224669933068	6.518958296340127	-0.8357461037721758	0.549116062440016	0.0	-0.549116062440016	-0.8357461037721758	0.0	0.0	0.0	1.0	2.3999999999999995
3.0399993342621676	6.501706118738761	-0.8697026491753718	0.4935760346869976	0.0	-0.4935760346869976	-0.8697026491753718	0.0	0.0	0.0	1.0	2.41
3.0379287925539407	6.483606461069337	-0.8998965202160204	0.43610348875364147	0.0	-0.43610348875364147	-0.8998965202160204	0.0	0.0	0.0	1.0	2.42
3.0360431946863673	6.464730615259563	-0.9262278389917226	0.3769641763838093	0.0	-0.3769641763838093	-0.9262278389917226	0.0	0.0	0.0	1.0	2.4300000000000006
3.0343499330591834	6.445152848251253	-0.9486166823366793	0.3164275430371886	0.0	-0.3164275430371886	-0.9486166823366793	0.0	0.0	0.0	1.0	2.4399999999999995
3.0328556437057648	6.424950108429183	-0.9670029693873657	0.25476510199793323	0.0	-0.25476510199793323	-0.9670029693873657	0.0	0.0	0.0	1.0	2.45
3.0315661809834147	6.404201724282005	-0.9813462051584395	0.1922488637707124	0.0	-0.1922488637707124	-0.9813462051584395	0.0	0.0	0.0	1.0	2.46
3.030486595311549	6.382989096434992	-0.9916250905983788	0.12914983428466825	0.0	-0.12914983428466825	-0.9916250905983788	0.0	0.0	0.0	1.0	2.4700000000000006
3.029621114018605	6.361395384124793	-0.9978370108610521	0.06573659373500096	0.0	-0.06573659373500096	-0.9978370108610521	0.0	0.0	0.0	1.0	2.4799999999999995
3.028973125348125	6.339505187117236	-0.9999974145357516	0.002273966097408982	0.0	-0.002273966097408982	-0.9999974145357516	0.0	0.0	0.0	1.0	2.49
3.028545165664802	6.317404224004792	-0.9981390973203439	-0.060978212506837264	0.0	0.060978212506837264	-0.9981390973203439	0.0	0.0	0.0	1.0	2.5
3.0283389098921796	6.295179007762885	-0.9923114041027352	-0.12376622030125214	0.0	0.12376622030125214	-0.9923114041027352	0.0	0.0	0.0	1.0	2.5100000000000007
3.028355165205152	6.272916519397286	-0.9825793636422152	-0.18584346677905997	0.0	0.18584346677905997	-0.9825793636422152	0.0	0.0	0.0	1.0	2.5199999999999996
3.0285938679922895	6.250703880479698	-0.9690227700267646	-0.24697139747277658	0.0	0.24697139747277658	-0.9690227700267646	0.0	0.0	0.0	1.0	2.5300000000000002
3.0290540840951263	6.228628025347725	-0.9517352248411529	-0.3069202857364761	0.0	0.3069202857364761	-0.9517352248411529	0.0	0.0	0.0	1.0	2.54
3.029734012323865	6.20677537373886	-0.9308231535327748	-0.36546991236940474	0.0	0.36546991236940474	-0.9308231535327748	0.0	0.0	0.0	1.0	2.5500000000000007
3.0306309912412024	6.1852315046370725	-0.9064048088295187	-0.4224101354498065	0.0	0.4224101354498065	-0.9064048088295187	0.0	0.0	0.0	1.0	2.5599999999999996
3.0317415091980995	6.164080832133744	-0.8786092732695487	-0.477541354151403	0.0	0.477541354151403	-0.8786092732695487	0.0	0.0	0.0	1.0	2.5700000000000003
3.03306121759713	6.143406284141886	-0.8475754719713261	-0.5306748715669359	0.0	0.5306748715669359	-0.8475754719713261	0.0	0.0	0.0	1.0	2.58
3.034584947350419	6.123288984851343	-0.8134512057277419	-0.5816331626550217	0.0	0.5816331626550217	-0.8134512057277419	0.0	0.0	0.0	1.0	2.59
3.036306728490027	6.103807941871512	-0.7763922133757039	-0.6302500543511089	0.0	0.6302500543511089	-0.7763922133757039	0.0	0.0	0.0	1.0	2.6000000000000005
3.038219812878839	6.0850397390735855	-0.7365612711952607	-0.6763708256387333	0.0	0.6763708256387333	-0.7365612711952607	0.0	0.0	0.0	1.0	2.6099999999999994
3.040316699959583	6.067058236213774	-0.6941273358531902	-0.7198522359632931	0.0	0.7198522359632931	-0.6941273358531902	0.0	0.0	0.0	1.0	2.62
3.0425891654684087	6.049934276488853	-0.6492647361462429	-0.7605624907901715	0.0	0.7605624907901715	-0.6492647361462429	0.0	0.0	0.0	1.0	2.63
3.0450282930276584	6.033735403241688	-0.6021524175380811	-0.7983811533678913	0.0	0.7983811533678913	-0.6021524175380811	0.0	0.0	0.0	1.0	2.6400000000000006
3.047624508519935	6.018525587094255	-0.55297324223997	-0.8331990118612812	0.0	0.8331990118612812	-0.55297324223997	0.0	0.0	0.0	1.0	2.6499999999999995
3.0503676171326037	6.004364964834467	-0.5019133463734853	-0.8649179109789379	0.0	0.8649179109789379	-0.5019133463734853	0.0	0.0	0.0	1.0	2.66
3.053246842948377	5.991309591418515	-0.44916155458897006	-0.8934505570423132	0.0	0.8934505570423132	-0.44916155458897006	0.0	0.0	0.0	1.0	2.67
3.0562508709439395	5.979411206468372	-0.39490885140742205	-0.9187203051419245	0.0	0.9187203051419245	-0.39490885140742205	0.0	0.0	0.0	1.0	2.6800000000000006
3.0593678912447726	5.968717016642971	-0.3393479075174778	-0.940660936609738	0.0	0.940660936609738	-0.3393479075174778	0.0	0.0	0.0	1.0	2.6899999999999995
3.0625856454706417	5.959269495238432	-0.2826726583008076	-0.9592164345178595	0.0	0.9592164345178595	-0.2826726583008076	0.0	0.0	0.0	1.0	2.7
