3.1311376981414654	6.286207389817359	1.0	0.0	0.0	-0.0	1.0	0.0	0.0	0.0	1.0	0.0
3.141578315875415	6.2896376299648535	0.9986263100860671	0.0523974503567346	0.0	-0.0523974503567346	0.9986263100860671	0.0	0.0	0.0	1.0	0.01
3.141523437432814	6.293740647884827	0.9933558961777422	0.11508285506066739	0.0	-0.11508285506066739	0.9933558961777422	0.0	0.0	0.0	1.0	0.019999999999999997
3.1414276640513767	6.297813927710834	0.984147285317648	0.17735309639784783	0.0	-0.17735309639784783	0.984147285317648	0.0	0.0	0.0	1.0	0.03
3.1412913735895853	6.301841398823513	0.9710294263282251	0.23895994058561024	0.0	-0.23895994058561024	0.9710294263282251	0.0	0.0	0.0	1.0	0.04
3.1411151037621	6.305807171109939	0.9540470467492724	0.2996568580710136	0.0	-0.2996568580710136	0.9540470467492724	0.0	0.0	0.0	1.0	0.05
3.140899550020877	6.309695597589712	0.9332605889867991	0.35920004599667454	0.0	-0.35920004599667454	0.9332605889867991	0.0	0.0	0.0	1.0	0.06
3.1406455628145604	6.313491336093315	0.9087460775304643	0.4173494537830321	0.0	-0.4173494537830321	0.9087460775304643	0.0	0.0	0.0	1.0	0.07
3.1403541442368335	6.3171794097516045	0.8805949160513893	0.47386980682930935	0.0	-0.47386980682930935	0.8805949160513893	0.0	0.0	0.0	1.0	0.08000000000000002
3.140026444076812	6.320745266059533	0.8489136135974849	0.5285316231304048	0.0	-0.5285316231304048	0.8489136135974849	0.0	0.0	0.0	1.0	0.09
3.1396637552868945	6.324174834282245	0.8138234395385896	0.5811122174396093	0.0	-0.5811122174396093	0.8138234395385896	0.0	0.0	0.0	1.0	0.1
3.139267508885786	6.327454580977664	0.775460007374606	0.6313966874814724	0.0	-0.6313966874814724	0.775460007374606	0.0	0.0	0.0	1.0	0.11000000000000001
3.1388392683166266	6.330571563416459	0.7339727880020099	0.6791788766389578	0.0	-0.6791788766389578	0.7339727880020099	0.0	0.0	0.0	1.0	0.12
3.1383807232823187	6.333513480688015	0.6895245535325024	0.7242623075073032	0.0	-0.7242623075073032	0.6895245535325024	0.0	0.0	0.0	1.0	0.13
3.1378936830822144	6.336268722289466	0.6422907532667543	0.7664610807262333	0.0	-0.7664610807262333	0.6422907532667543	0.0	0.0	0.0	1.0	0.14
3.1373800694763085	6.338826414004351	0.5924588239403469	0.8056007335741577	0.0	-0.8056007335741577	0.5924588239403469	0.0	0.0	0.0	1.0	0.15000000000000002
3.1368419091049615	6.341176460887544	0.5402274368720432	0.8415190529338373	0.0	-0.8415190529338373	0.5402274368720432	0.0	0.0	0.0	1.0	0.16000000000000003
3.1362813254939677	6.343309587184176	0.48580568515020706	0.8740668374190488	0.0	-0.8740668374190488	0.48580568515020706	0.0	0.0	0.0	1.0	0.17000000000000004
3.135700530676437	6.345217373022034	0.4294122144851674	0.9031086036855949	0.0	-0.9031086036855949	0.4294122144851674	0.0	0.0	0.0	1.0	0.18
3.135101816464507	6.346892287729434	0.3712743018273194	0.9285232322363488	0.0	-0.9285232322363488	0.3712743018273194	0.0	0.0	0.0	1.0	0.19
3.1344875454053147	6.348327719643801	0.3116268862965901	0.9502045483668725	0.0	-0.9502045483668725	0.3116268862965901	0.0	0.0	0.0	1.0	0.2
3.1338601414569456	6.349518002290025	0.2507115573826332	0.9680618342826943	0.0	-0.9680618342826943	0.2507115573826332	0.0	0.0	0.0	1.0	0.21000000000000002
3.133222080421188	6.350458436822156	0.18877550575119437	0.982020268848042	0.0	-0.982020268848042	0.18877550575119437	0.0	0.0	0.0	1.0	0.22000000000000003
3.1325758801709522	6.351145310636979	0.12607044232533648	0.9920212918944301	0.0	-0.9920212918944301	0.12607044232533648	0.0	0.0	0.0	1.0	0.23000000000000004
3.131924090711014	6.351575912083456	0.0628514915960315	0.9980228905211314	0.0	-0.9980228905211314	0.0628514915960315	0.0	0.0	0.0	1.0	0.24
3.131269284111438	6.351748541207889	-0.0006239346489768537	0.999999805352758	0.0	-0.999999805352758	-0.0006239346489768537	0.0	0.0	0.0	1.0	0.25
3.130614044353568	6.3516625164908005	-0.06409727680946022	0.9979436552759938	0.0	-0.9979436552759938	-0.06409727680946022	0.0	0.0	0.0	1.0	0.26
3.129960957128805	6.351318177547925	-0.12730997367916308	0.9918629797516444	0.0	-0.9918629797516444	-0.12730997367916308	0.0	0.0	0.0	1.0	0.27
3.1293125996306137	6.350716883784238	-0.19000460882009518	0.9817831983829844	0.0	-0.9817831983829844	-0.19000460882009518	0.0	0.0	0.0	1.0	0.28
3.128671530380204	6.349861009006538	-0.2519260505468509	0.9677464880100912	0.0	-0.9677464880100912	-0.2519260505468509	0.0	0.0	0.0	1.0	0.29000000000000004
3.1280402791262083	6.34875393201667	-0.31282257901974464	0.9498115781856081	0.0	-0.9498115781856081	-0.31282257901974464	0.0	0.0	0.0	1.0	0.30000000000000004
3.1274213368583745	6.347400023223913	-0.37244699406131976	0.9280534664633754	0.0	-0.9280534664633754	-0.37244699406131976	0.0	0.0	0.0	1.0	0.31000000000000005
3.1268171459748126	6.345804627331317	-0.43055769748417627	0.9025630554909306	0.0	-0.9025630554909306	-0.43055769748417627	0.0	0.0	0.0	1.0	0.32000000000000006
3.126230090641723	6.343974042166708	-0.4869197439466057	0.8734467144336695	0.0	-0.8734467144336695	-0.4869197439466057	0.0	0.0	0.0	1.0	0.33000000000000007
3.125662487383738	6.341915493744714	-0.541305854633038	0.8408257677664238	0.0	-0.8408257677664238	-0.541305854633038	0.0	0.0	0.0	1.0	0.3400000000000001
3.1251165759420703	6.339637107661276	-0.5934973883849101	0.8048359149418539	0.0	-0.8048359149418539	-0.5934973883849101	0.0	0.0	0.0	1.0	0.3500000000000001
3.1245945104365784	6.3371478769367915	-0.6432852652797089	0.7656265848793488	0.0	-0.7656265848793488	-0.6432852652797089	0.0	0.0	0.0	1.0	0.36
3.1240983508666185	6.334457626438092	-0.6904708380665806	0.7233602296087571	0.0	-0.7233602296087571	-0.6904708380665806	0.0	0.0	0.0	1.0	0.37
3.12363005498419	6.331576974022886	-0.7348667073104607	0.6782115617465406	0.0	-0.6782115617465406	-0.7348667073104607	0.0	0.0	0.0	1.0	0.38
3.1231914705713812	6.3285172885630905	-0.7762974765673164	0.630366740774937	0.0	-0.630366740774937	-0.7762974765673164	0.0	0.0	0.0	1.0	0.39
3.122784328152484	6.325290645015479	-0.8146004444046147	0.5800225133353054	0.0	-0.5800225133353054	-0.8146004444046147	0.0	0.0	0.0	1.0	0.4
3.1224102341694286	6.3219097767193535	-0.8496262305872597	0.5273853129336128	0.0	-0.5273853129336128	-0.8496262305872597	0.0	0.0	0.0	1.0	0.41000000000000003
3.122070664647313	6.318388025111412	-0.8812393342636394	0.4726703245884786	0.0	-0.4726703245884786	-0.8812393342636394	0.0	0.0	0.0	1.0	0.42000000000000004
3.1217669593748716	6.314739287057659	-0.9093186225027678	0.41610052003051956	0.0	-0.41610052003051956	-0.9093186225027678	0.0	0.0	0.0	1.0	0.43000000000000005
3.1215003166226722	6.310977960010997	-0.9337577480457253	0.35790566908694793	0.0	-0.35790566908694793	-0.9337577480457253	0.0	0.0	0.0	1.0	0.44000000000000006
3.121271788419713	6.3071188852111275	-0.9544654956367665	0.2983213328591534	0.0	-0.2983213328591534	-0.9544654956367665	0.0	0.0	0.0	1.0	0.45000000000000007
3.121082276406874	6.303177289150464	-0.9713660567860901	0.2375878442257569	0.0	-0.2375878442257569	-0.9713660567860901	0.0	0.0	0.0	1.0	0.4600000000000001
3.12093252828343	6.299168723536013	-0.9843992332822106	0.17594928108235044	0.0	-0.17594928108235044	-0.9843992332822106	0.0	0.0	0.0	1.0	0.4700000000000001
3.120823134860481	6.295109003982535	-0.9935205702125373	0.11365243756539063	0.0	-0.11365243756539063	-0.9935205702125373	0.0	0.0	0.0	1.0	0.48
3.1207545277328	6.291014147676792	-0.99870141966206	0.050945798305512165	0.0	-0.050945798305512165	-0.99870141966206	0.0	0.0	0.0	1.0	0.49
3.1207269775781703	6.2869003102563	-0.999928936638495	-0.01192147948069676	0.0	0.01192147948069676	-0.999928936638495	0.0	0.0	0.0	1.0	0.5
3.1207405930908365	6.282783722148751	-0.9972060091149852	-0.07470057151698493	0.0	0.07470057151698493	-0.9972060091149852	0.0	0.0	0.0	1.0	0.51
3.120795320553226	6.278680624620175	-0.9905511243862888	-0.1371439753582314	0.0	0.1371439753582314	-0.9905511243862888	0.0	0.0	0.0	1.0	0.52
3.120890944047607	6.274607205780881	-0.979998174199758	-0.19900647870142532	0.0	0.19900647870142532	-0.979998174199758	0.0	0.0	0.0	1.0	0.53
3.12102708630686	6.270579536798416	-0.9655962013474272	-0.2600461034959358	0.0	0.2600461034959358	-0.9655962013474272	0.0	0.0	0.0	1.0	0.54
3.1212032102010494	6.266613508566008	-0.9474090905899413	-0.320025022564706	0.0	0.320025022564706	-0.9474090905899413	0.0	0.0	0.0	1.0	0.55
3.1214186208539996	6.26272476907342	-0.9255152069272377	-0.37871044578468205	0.0	0.37871044578468205	-0.9255152069272377	0.0	0.0	0.0	1.0	0.56
3.121672468381639	6.258928661724636	-0.9000069843358101	-0.4358754732108256	0.0	0.4358754732108256	-0.9000069843358101	0.0	0.0	0.0	1.0	0.5700000000000001
3.1219637512414153	6.255240164843559	-0.8709904681595471	-0.49129991285895136	0.0	0.49129991285895136	-0.8709904681595471	0.0	0.0	0.0	1.0	0.5799999999999998
3.1222913201797353	6.251673832604577	-0.8385848143725726	-0.5447710611841622	0.0	0.5447710611841622	-0.8385848143725726	0.0	0.0	0.0	1.0	0.5900000000000001
3.1226538827619983	6.2482437376199345	-0.8029217489306982	-0.596084444599982	0.0	0.596084444599982	-0.8029217489306982	0.0	0.0	0.0	1.0	0.5999999999999999
3.1230500084675303	6.244963415409783	-0.7641449903958577	-0.6450445206750574	0.0	0.6450445206750574	-0.7641449903958577	0.0	0.0	0.0	1.0	0.6100000000000001
3.12347813432949	6.241845810974044	-0.7224096389585207	-0.6914653379163844	0.0	0.6914653379163844	-0.7224096389585207	0.0	0.0	0.0	1.0	0.6199999999999999
3.1239365710976594	6.238903227677543	-0.677881534899897	-0.7351711532981688	0.0	0.7351711532981688	-0.677881534899897	0.0	0.0	0.0	1.0	0.6300000000000001
3.124423509899969	6.236147278651303	-0.6307365894326167	-0.775997006921361	0.0	0.775997006921361	-0.6307365894326167	0.0	0.0	0.0	1.0	0.6399999999999999
3.1249370293766177	6.233588840903552	-0.5811600907390954	-0.8137892533894303	0.0	0.8137892533894303	-0.5811600907390954	0.0	0.0	0.0	1.0	0.6500000000000001
3.125475103258764	6.231238012323799	-0.5293459878951154	-0.8484060496597985	0.0	0.8484060496597985	-0.5293459878951154	0.0	0.0	0.0	1.0	0.6599999999999999
3.126035608361994	6.22910407175229	-0.47549615522589567	-0.879717799277354	0.0	0.879717799277354	-0.47549615522589567	0.0	0.0	0.0	1.0	0.6700000000000002
3.126616332963086	6.227195442275434	-0.4198196394972649	-0.9076075530163831	0.0	0.9076075530163831	-0.4198196394972649	0.0	0.0	0.0	1.0	0.6799999999999999
3.127214985527071	6.225519657895232	-0.3625318921989181	-0.9319713660508419	0.0	0.9319713660508419	-0.3625318921989181	0.0	0.0	0.0	1.0	0.6900000000000002
3.1278292037501663	6.224083333707533	-0.3038539890340639	-0.9527186118409187	0.0	0.9527186118409187	-0.3038539890340639	0.0	0.0	0.0	1.0	0.7
3.128456563882864	6.222892139710092	-0.24401183859312123	-0.9697722529678835	0.0	0.9697722529678835	-0.24401183859312123	0.0	0.0	0.0	1.0	0.71
3.1290945902963445	6.221950778346924	-0.18323538206195977	-0.9830690691709345	0.0	0.9830690691709345	-0.18323538206195977	0.0	0.0	0.0	1.0	0.72
3.12974076525438	6.22126296588049	-0.12175778570003663	-0.9925598428414399	0.0	0.9925598428414399	-0.12175778570003663	0.0	0.0	0.0	1.0	0.73
3.1303925388520435	6.2208314176677435	-0.05981462772343396	-0.9982095022139927	0.0	0.9982095022139927	-0.05981462772343396	0.0	0.0	0.0	1.0	0.74
3.131047339081893	6.2206578374002905	0.002356918855786005	-0.9999972224628962	0.0	0.9999972224628962	0.002356918855786005	0.0	0.0	0.0	1.0	0.75
3.131702581987731	6.220742910352688	0.06451890594747405	-0.997916484870022	0.0	0.997916484870022	0.06451890594747405	0.0	0.0	0.0	1.0	0.76
3.132355681865729	6.22108630066657	0.1264334312171595	-0.9919750941786069	0.0	0.9919750941786069	0.1264334312171595	0.0	0.0	0.0	1.0	0.77
3.133004061472468	6.221686652681734	0.1878634586185309	-0.982195154190797	0.0	0.982195154190797	0.1878634586185309	0.0	0.0	0.0	1.0	0.78
3.1336451621994574	6.222541596308713	0.2485736372103748	-0.968613001607972	0.0	0.968613001607972	0.2485736372103748	0.0	0.0	0.0	1.0	0.79
3.1342764541737993	6.223647756420846	0.3083311168252635	-0.9512790980555	0.0	0.9512790980555	0.3083311168252635	0.0	0.0	0.0	1.0	0.8
3.134895446244994	6.2250007662273275	0.3669063591178966	-0.9302578801810008	0.0	0.9302578801810008	0.3669063591178966	0.0	0.0	0.0	1.0	0.81
3.1354996958183254	6.226595284572574	0.4240739424615281	-0.9056275676706934	0.0	0.9056275676706934	0.4240739424615281	0.0	0.0	0.0	1.0	0.8200000000000001
3.136086818495913	6.228425017091195	0.47961335908263525	-0.8774799289952285	0.0	0.8774799289952285	0.47961335908263525	0.0	0.0	0.0	1.0	0.8300000000000001
3.1366544974872883	6.230482741132296	0.5333098027286052	-0.8459200046774968	0.0	0.8459200046774968	0.5333098027286052	0.0	0.0	0.0	1.0	0.8399999999999999
3.1372004927522985	6.232760334351696	0.5849549450528229	-0.8110657878731227	0.0	0.8110657878731227	0.5849549450528229	0.0	0.0	0.0	1.0	0.8500000000000001
3.137722649840223	6.235248806855979	0.6343476987785647	-0.7730478620721614	0.0	0.7730478620721614	0.6343476987785647	0.0	0.0	0.0	1.0	0.8599999999999999
3.1382189083902334	6.237938336768208	0.681294965570413	-0.7320089957701408	0.0	0.7320089957701408	0.681294965570413	0.0	0.0	0.0	1.0	0.8700000000000001
3.138687310259672	6.240818309071726	0.7256123664024371	-0.688103694019917	0.0	0.688103694019917	0.7256123664024371	0.0	0.0	0.0	1.0	0.8799999999999999
3.139126007248159	6.2438773575756725	0.7671249520697198	-0.6414977068642026	0.0	0.6414977068642026	0.7671249520697198	0.0	0.0	0.0	1.0	0.8900000000000001
3.1395332683871215	6.24710340983382	0.8056678913472348	-0.5923674947632596	0.0	0.5923674947632596	0.8056678913472348	0.0	0.0	0.0	1.0	0.8999999999999999
3.139907486766122	6.250483734837075	0.8410871341616007	-0.5408996512735291	0.0	0.5408996512735291	0.8410871341616007	0.0	0.0	0.0	1.0	0.9100000000000001
3.1402471858691747	6.254004993289489	0.8732400470104325	-0.48729028340119607	0.0	0.48729028340119607	0.8732400470104325	0.0	0.0	0.0	1.0	0.9199999999999999
3.140551025396215	6.257653290267988	0.9019960177450153	-0.431744350249235	0.0	0.431744350249235	0.9019960177450153	0.0	0.0	0.0	1.0	0.9300000000000002
3.1408178065469214	6.261414230057193	0.9272370267284861	-0.3744749607967358	0.0	0.3744749607967358	0.9272370267284861	0.0	0.0	0.0	1.0	0.94
3.14104647674621	6.265272972942757	0.9488581812976604	-0.3157026318935212	0.0	0.3157026318935212	0.9488581812976604	0.0	0.0	0.0	1.0	0.9500000000000002
3.1412361337929324	6.269214293739496	0.9667682103955809	-0.25565450781968596	0.0	0.25565450781968596	0.9667682103955809	0.0	0.0	0.0	1.0	0.96
3.141386029415578	6.27322264182443	0.9808899162074267	-0.1945635430459352	0.0	0.1945635430459352	0.9808899162074267	0.0	0.0	0.0	1.0	0.97
3.141495572221094	6.277282202439402	0.9911605796277121	-0.13266765013392612	0.0	0.13266765013392612	0.9911605796277121	0.0	0.0	0.0	1.0	0.98
3.1415643300253335	6.2813769590235	0.9975323164147244	-0.07020881503254656	0.0	0.07020881503254656	0.9975323164147244	0.0	0.0	0.0	1.0	0.99
3.141592031556042	6.285490756331882	0.999972380951332	-0.007432182352731799	0.0	0.007432182352731799	0.999972380951332	0.0	0.0	0.0	1.0	1.0
3.1415785675217465	6.289607364094815	0.9984634146317758	0.05541488646432967	0.0	-0.05541488646432967	0.9984634146317758	0.0	0.0	0.0	1.0	1.0099999999999998
3.141523991042389	6.293710540968912	0.9930036360333727	0.11808377883732	0.0	-0.11808377883732	0.9930036360333727	0.0	0.0	0.0	1.0	1.02
3.141428517440023	6.297784098531479	0.983606970211275	0.1803256170148773	0.0	-0.1803256170148773	0.983606970211275	0.0	0.0	0.0	1.0	1.0299999999999998
3.141292523390389	6.3018119650687785	0.9703031146739752	0.24189226042596415	0.0	-0.24189226042596415	0.9703031146739752	0.0	0.0	0.0	1.0	1.04
3.141116545438672	6.3057782489097045	0.9531375398569742	0.30253732020264035	0.0	-0.30253732020264035	0.9531375398569742	0.0	0.0	0.0	1.0	1.0499999999999998
3.1409012778852317	6.309667301057949	0.9321714222111123	0.3620171813780562	0.0	-0.3620171813780562	0.9321714222111123	0.0	0.0	0.0	1.0	1.06
3.1406475700495298	6.3134637768782245	0.9074815083590965	0.42009202799660367	0.0	-0.42009202799660367	0.9074815083590965	0.0	0.0	0.0	1.0	1.0699999999999998
3.1403564229229355	6.317152696595372	0.8791599091465424	0.4765268661360483	0.0	-0.4765268661360483	0.8791599091465424	0.0	0.0	0.0	1.0	1.08
3.140028985223465	6.320719504369421	0.8473138228197311	0.5310925396375037	0.0	-0.5310925396375037	0.8473138228197311	0.0	0.0	0.0	1.0	1.0899999999999999
3.139666548867859	6.324150125714733	0.8120651869977585	0.5835667331730755	0.0	-0.5835667331730755	0.8120651869977585	0.0	0.0	0.0	1.0	1.1
3.1392705438786868	6.327431023037247	0.7735502595679663	0.633734957156643	0.0	-0.633734957156643	0.7735502595679663	0.0	0.0	0.0	1.0	1.1099999999999999
3.1388425327464162	6.330549249070709	0.7319191291158123	0.681391508924459	0.0	-0.681391508924459	0.7319191291158123	0.0	0.0	0.0	1.0	1.12
3.138384204268496	6.33349249800042	0.6873351559987946	0.7263404045818411	0.0	-0.7263404045818411	0.6873351559987946	0.0	0.0	0.0	1.0	1.13
3.137897366889623	6.336249154071516	0.6399743456830482	0.7683962759329034	0.0	-0.7683962759329034	0.6399743456830482	0.0	0.0	0.0	1.0	1.1400000000000001
3.137383941569308	6.3388083374882465	0.5900246564751662	0.8073852269836018	0.0	-0.8073852269836018	0.5900246564751662	0.0	0.0	0.0	1.0	1.15
3.136845954204769	6.341159947420849	0.5376852442943736	0.8431456446356702	0.0	-0.8431456446356702	0.5376852442943736	0.0	0.0	0.0	1.0	1.1599999999999997
3.1362855276389334	6.343294701947634	0.4831656476353525	0.875528958370373	0.0	-0.875528958370373	0.4831656476353525	0.0	0.0	0.0	1.0	1.17
3.1357048732850226	6.345204174771686	0.4266849163632833	0.9044003439561807	0.0	-0.9044003439561807	0.4266849163632833	0.0	0.0	0.0	1.0	1.1799999999999997
3.1351062824007165	6.346880828564083	0.3684706884538202	0.9296393665020689	0.0	-0.9296393665020689	0.3684706884538202	0.0	0.0	0.0	1.0	1.19
3.134492117046323	6.348318044798756	0.3087582192356401	0.951140558516162	0.0	-0.951140558516162	0.3087582192356401	0.0	0.0	0.0	1.0	1.1999999999999997
3.133864800762648	6.34951014995797	0.24778936810578991	0.9688139290151301	0.0	-0.9688139290151301	0.24778936810578991	0.0	0.0	0.0	1.0	1.21
3.133226809005409	6.350452438001874	0.1858115480630131	0.9825854001594094	0.0	-0.9825854001594094	0.1858115480630131	0.0	0.0	0.0	1.0	1.2199999999999998
3.132580659374022	6.351141189010544	0.12307664373609647	0.9923971683588472	0.0	-0.9923971683588472	0.12307664373609647	0.0	0.0	0.0	1.0	1.23
3.131928901673428	6.351573683922399	0.05983990386879573	0.9982079872977242	0.0	-0.9982079872977242	0.05983990386879573	0.0	0.0	0.0	1.0	1.2399999999999998
3.131274107848312	6.35174821530871	-0.0036411855442607167	0.9999933708619434	0.0	-0.9999933708619434	-0.0036411855442607167	0.0	0.0	0.0	1.0	1.25
3.1306188618295843	6.351664094140114	-0.0671080410980583	0.9977457145084521	0.0	-0.9977457145084521	-0.0671080410980583	0.0	0.0	0.0	1.0	1.2599999999999998
3.1299657493333637	6.351321652517359	-0.13030212830070426	0.9914743341914136	0.0	-0.9914743341914136	-0.13030212830070426	0.0	0.0	0.0	1.0	1.27
3.129317347652883	6.350722242355115	-0.1929661078247217	0.981205422544626	0.0	-0.981205422544626	-0.1929661078247217	0.0	0.0	0.0	1.0	1.2799999999999998
3.1286762154837757	6.349868230024245	-0.2548449751291563	0.9669819226083908	0.0	-0.9669819226083908	-0.2548449751291563	0.0	0.0	0.0	1.0	1.29
3.1280448828230645	6.348762986974481	-0.3156871869535994	0.9488633199746543	0.0	-0.9488633199746543	-0.3156871869535994	0.0	0.0	0.0	1.0	1.2999999999999998
3.127425840981866	6.347410876375932	-0.37524576830268197	0.9269253547999052	0.0	-0.9269253547999052	-0.37524576830268197	0.0	0.0	0.0	1.0	1.31
3.1268215327513675	6.345817235834077	-0.4332793937144199	0.9012596556944424	0.0	-0.9012596556944424	-0.4332793937144199	0.0	0.0	0.0	1.0	1.3199999999999998
3.1262343427609967	6.3439883562488415	-0.48955343683589625	0.8719732980327793	0.0	-0.8719732980327793	-0.48955343683589625	0.0	0.0	0.0	1.0	1.33
3.125666588066928	6.341931456904013	-0.5438409826116005	0.8391882897372013	0.0	-0.8391882897372013	-0.5438409826116005	0.0	0.0	0.0	1.0	1.3399999999999999
3.125120509008131	6.339654656888333	-0.5959237967197413	0.8030409880592201	0.0	-0.8030409880592201	-0.5959237967197413	0.0	0.0	0.0	1.0	1.35
3.124598260366066	6.337166942964319	-0.6455932472651246	0.7636814513170211	0.0	-0.7636814513170211	-0.6455932472651246	0.0	0.0	0.0	1.0	1.3599999999999999
3.124101902862919	6.334478134014908	-0.6926511741489944	0.721272729936478	0.0	-0.721272729936478	-0.6926511741489944	0.0	0.0	0.0	1.0	1.37
3.123633395031892	6.33159884221147	-0.7369107019807096	0.6759901014854417	0.0	-0.6759901014854417	-0.7369107019807096	0.0	0.0	0.0	1.0	1.38
3.123194585491556	6.328540431059504	-0.7781969928676632	0.6280202546827023	0.0	-0.6280202546827023	-0.7781969928676632	0.0	0.0	0.0	1.0	1.3900000000000001
3.122787205654662	6.325314970490378	-0.8163479359120227	0.5775604276023247	0.0	-0.5775604276023247	-0.8163479359120227	0.0	0.0	0.0	1.0	1.4
3.122412862900065	6.321935189178718	-0.8512147707496294	0.5248175054794341	0.0	-0.5248175054794341	-0.8512147707496294	0.0	0.0	0.0	1.0	1.4099999999999997
3.122073034234556	6.318414424275567	-0.882662642981145	0.4700070836546402	0.0	-0.4700070836546402	-0.882662642981145	0.0	0.0	0.0	1.0	1.42
3.1217690604694504	6.314766568757088	-0.9105710898622147	0.4133525012711772	0.0	-0.4133525012711772	-0.9105710898622147	0.0	0.0	0.0	1.0	1.4299999999999997
3.1215021409347554	6.311006016597369	-0.9348344551317465	0.35508385136264775	0.0	-0.35508385136264775	-0.9348344551317465	0.0	0.0	0.0	1.0	1.44
3.1212733287515815	6.30714760598192	-0.955362232359564	0.2954369729416931	0.0	-0.2954369729416931	-0.955362232359564	0.0	0.0	0.0	1.0	1.4499999999999997
3.1210835266812915	6.3032065607855206	-0.972079336681217	0.23465243062326271	0.0	-0.23465243062326271	-0.972079336681217	0.0	0.0	0.0	1.0	1.46
3.1209334835675913	6.299198430544313	-0.9849263052533881	0.17297448719366093	0.0	-0.17297448719366093	-0.9849263052533881	0.0	0.0	0.0	1.0	1.4699999999999998
3.120823791385452	6.295139029157429	-0.9938594272036594	0.11065007437148015	0.0	-0.11065007437148015	-0.9938594272036594	0.0	0.0	0.0	1.0	1.48
3.1207548829083693	6.291044372557927	-0.998850804259201	0.04792776680325601	0.0	-0.04792776680325601	-0.998850804259201	0.0	0.0	0.0	1.0	1.4899999999999998
3.120727030003055	6.286930615596423	-0.9998883436168338	-0.014943235900730231	0.0	0.014943235900730231	-0.9998883436168338	0.0	0.0	0.0	1.0	1.5
3.1207403425582037	6.282813988383582	-0.996975684959002	-0.07771411455153415	0.0	0.07771411455153415	-0.996975684959002	0.0	0.0	0.0	1.0	1.5099999999999998
3.120794768051508	6.278710732339517	-0.9901320638243085	-0.14013741893946594	0.0	0.14013741893946594	-0.9901320638243085	0.0	0.0	0.0	1.0	1.52
3.1208900917566056	6.274637036199129	-0.9793921138058425	-0.20196803562673943	0.0	0.20196803562673943	-0.9793921138058425	0.0	0.0	0.0	1.0	1.5299999999999998
3.121025937589159	6.270608972222626	-0.9648056102747208	-0.2629641313609589	0.0	0.2629641313609589	-0.9648056102747208	0.0	0.0	0.0	1.0	1.54
3.121201769588763	6.266642432859719	-0.9464371585098222	-0.32288806882858595	0.0	0.32288806882858595	-0.9464371585098222	0.0	0.0	0.0	1.0	1.5499999999999998
3.1214168940309155	6.262753068114399	-0.9243658292579753	-0.38150729180477766	0.0	0.38150729180477766	-0.9243658292579753	0.0	0.0	0.0	1.0	1.56
3.121670462160816	6.258956223854787	-0.8986847448529134	-0.43859517709233203	0.0	0.43859517709233203	-0.8986847448529134	0.0	0.0	0.0	1.0	1.5699999999999998
3.121961473538334	6.255266881309199	-0.869500619087567	-0.4939318509737327	0.0	0.4939318509737327	-0.869500619087567	0.0	0.0	0.0	1.0	1.58
3.1222887799810985	6.2516995979853895	-0.8369332540648603	-0.5473049682219265	0.0	0.5473049682219265	-0.8369332540648603	0.0	0.0	0.0	1.0	1.5899999999999999
3.1226510900903057	6.248268450244883	-0.8011149972494789	-0.5985104520239957	0.0	0.5985104520239957	-0.8011149972494789	0.0	0.0	0.0	1.0	1.6
3.123046974341568	6.244986977758362	-0.7621901619100954	-0.6473531934635548	0.0	0.6473531934635548	-0.7621901619100954	0.0	0.0	0.0	1.0	1.6099999999999999
3.123474870720884	6.241868130061292	-0.7203144140813211	-0.6936477094798793	0.0	0.6936477094798793	-0.7203144140813211	0.0	0.0	0.0	1.0	1.62
3.12393309088367	6.238924215421262	-0.6756541290908544	-0.7372187584716487	0.0	0.7372187584716487	-0.6756541290908544	0.0	0.0	0.0	1.0	1.63
3.124419826812706	6.236166852220051	-0.6283857205934097	-0.7779019129390938	0.0	0.7779019129390938	-0.6283857205934097	0.0	0.0	0.0	1.0	1.6400000000000001
3.1249331579488775	6.233606923044011	-0.5786949449330582	-0.8155440887584955	0.0	0.8155440887584955	-0.5786949449330582	0.0	0.0	0.0	1.0	1.65
3.125471058766705	6.231254531666206	-0.5267761835232733	-0.85000403085671	0.0	0.85000403085671	-0.5267761835232733	0.0	0.0	0.0	1.0	1.6600000000000001
3.126031406764867	6.229118963092709	-0.4728317057933969	-0.8811527551999747	0.0	0.8811527551999747	-0.4728317057933969	0.0	0.0	0.0	1.0	1.67
3.126611990840266	6.227208646833729	-0.4170709151050264	-0.9088739471309847	0.0	0.9088739471309847	-0.4170709151050264	0.0	0.0	0.0	1.0	1.6799999999999997
3.1272105200126368	6.225531123547699	-0.3597095798960257	-0.9330643161813793	0.0	0.9330643161813793	-0.3597095798960257	0.0	0.0	0.0	1.0	1.69
3.1278246324652783	6.224093015193255	-0.30096905216675934	-0.9536339075545932	0.0	0.9536339075545932	-0.30096905216675934	0.0	0.0	0.0	1.0	1.6999999999999997
3.1284519048662207	6.222899998810166	-0.24107547528640577	-0.9705063705176972	0.0	0.9705063705176972	-0.24107547528640577	0.0	0.0	0.0	1.0	1.71
3.129089861932981	6.2219567840358465	-0.1802589829698331	-0.9836191839623104	0.0	0.9836191839623104	-0.1802589829698331	0.0	0.0	0.0	1.0	1.7199999999999998
3.129735986203093	6.221267094449067	-0.11875289116027515	-0.9929238393960919	0.0	0.9929238393960919	-0.11875289116027515	0.0	0.0	0.0	1.0	1.73
3.1303877279717387	6.2208336528170385	-0.05679288445267465	-0.9983859816100912	0.0	0.9983859816100912	-0.05679288445267465	0.0	0.0	0.0	1.0	1.7399999999999998
3.1310425153571306	6.22065817030621	0.005383801391118855	-0.9999855072362704	0.0	0.9999855072362704	0.005383801391118855	0.0	0.0	0.0	1.0	1.75
3.1316977644537816	6.2207413397009566	0.06753919934899748	-0.9977166213666566	0.0	0.9977166213666566	0.06753919934899748	0.0	0.0	0.0	1.0	1.7599999999999998
3.1323508895334204	6.221082832657938	0.12943543202591284	-0.9915878523541247	0.0	0.9915878523541247	0.12943543202591284	0.0	0.0	0.0	1.0	1.77
3.132999313253137	6.2216813010074	0.1908355321047728	-0.9816220248579839	0.0	0.9816220248579839	0.1908355321047728	0.0	0.0	0.0	1.0	1.7799999999999998
3.133640476830289	6.222534382096072	0.25150426094676664	-0.9678561911387563	0.0	0.9678561911387563	0.25150426094676664	0.0	0.0	0.0	1.0	1.79
3.1342718501438607	6.22363870814976	0.3112089239083869	-0.9503415205492096	0.0	0.9503415205492096	0.3112089239083869	0.0	0.0	0.0	1.0	1.7999999999999998
3.1348909417222486	6.224989919617306	0.3697201809030843	-0.9291431471161969	0.0	0.9291431471161969	0.3697201809030843	0.0	0.0	0.0	1.0	1.81
3.1354953085779216	6.226582682441273	0.42681285067591845	-0.9043399750635246	0.0	0.9043399750635246	0.42681285067591845	0.0	0.0	0.0	1.0	1.8199999999999998
3.136082565850027	6.228410709184841	0.4822667071814025	-0.8760244420930317	0.0	0.8760244420930317	0.4822667071814025	0.0	0.0	0.0	1.0	1.83
3.136650396216801	6.230466783928735	0.5358672663593189	-0.8443022402224163	0.0	0.8443022402224163	0.5358672663593189	0.0	0.0	0.0	1.0	1.8399999999999999
3.1371965590405724	6.2327427908368485	0.5874065614930724	-0.8092919939767632	0.0	0.8092919939767632	0.5874065614930724	0.0	0.0	0.0	1.0	1.85
3.1377188992092515	6.235229746274606	0.6366839052122426	-0.7711248957488587	0.0	0.7711248957488587	0.6366839052122426	0.0	0.0	0.0	1.0	1.8599999999999999
3.1382153556393977	6.237917834350016	0.683506636068557	-0.7299442981832553	0.0	0.7299442981832553	0.683506636068557	0.0	0.0	0.0	1.0	1.87
3.1386839694073627	6.240796445733897	0.7276908474752691	-0.6859052635027119	0.0	0.6859052635027119	0.7276908474752691	0.0	0.0	0.0	1.0	1.88
3.1391228914764797	6.243854219603023	0.7690620966575844	-0.6391740697843118	0.0	0.6391740697843118	0.7690620966575844	0.0	0.0	0.0	1.0	1.8900000000000001
3.139530389989903	6.247079088537866	0.8074560911195919	-0.5899276743075116	0.0	0.5899276743075116	0.8074560911195919	0.0	0.0	0.0	1.0	1.9
3.1399048571004404	6.250458326195367	0.8427193499951248	-0.5383531342379223	0.0	0.5383531342379223	0.8427193499951248	0.0	0.0	0.0	1.0	1.9100000000000001
3.140244815310572	6.253978597566659	0.8747098375196869	-0.48464698507912224	0.0	0.48464698507912224	0.8747098375196869	0.0	0.0	0.0	1.0	1.92
3.1405489232977946	6.2576260116199975	0.9032975657421609	-0.42901457751956024	0.0	0.42901457751956024	0.9032975657421609	0.0	0.0	0.0	1.0	1.9299999999999997
3.140815981202476	6.261386176120355	0.9283651634921101	-0.37166937352204293	0.0	0.37166937352204293	0.9283651634921101	0.0	0.0	0.0	1.0	1.94
3.141044935357532	6.265244254409155	0.9498084085351397	-0.3128322027476476	0.0	0.3128322027476476	0.9498084085351397	0.0	0.0	0.0	1.0	1.9499999999999997
3.1412348824414282	6.269185023920477	0.9675367197884736	-0.2527304806725159	0.0	0.2527304806725159	0.9675367197884736	0.0	0.0	0.0	1.0	1.96
3.1413850730383017	6.273192936203863	0.9814736064352246	-0.1915973900423329	0.0	0.1915973900423329	0.9814736064352246	0.0	0.0	0.0	1.0	1.9699999999999998
3.1414949145912923	6.277252178218471	0.991557070772002	-0.1296710276123667	0.0	0.1296710276123667	0.991557070772002	0.0	0.0	0.0	1.0	1.98
3.1415639737375773	6.281346734658805	0.9977399616533201	-0.06719351843765516	0.0	0.06719351843765516	0.9977399616533201	0.0	0.0	0.0	1.0	1.9899999999999998
3.141591978016002	6.285460451068642	0.9999902754603703	-0.0044101003041676625	0.0	0.0044101003041676625	0.9999902754603703	0.0	0.0	0.0	1.0	2.0
3.141578816940655	6.289577097497004	0.9982914016230429	0.05843181877625035	0.0	-0.05843181877625035	0.9982914016230429	0.0	0.0	0.0	1.0	2.01
3.141524542436209	6.293680432448155	0.9926423098642945	0.12108362675142378	0.0	-0.12108362675142378	0.9926423098642945	0.0	0.0	0.0	1.0	2.0199999999999996
3.141429368633322	6.297754266876537	0.9830576765160108	0.1832964938097354	0.0	-0.1832964938097354	0.9830576765160108	0.0	0.0	0.0	1.0	2.0300000000000002
3.1412936710249144	6.301782527977465	0.969567947475893	0.24482237485038813	0.0	-0.24482237485038813	0.969567947475893	0.0	0.0	0.0	1.0	2.04
3.1411179849865833	6.305749322525046	0.9522193356353832	0.3054150239299134	0.0	-0.3054150239299134	0.9522193356353832	0.0	0.0	0.0	1.0	2.05
3.1409030036669416	6.309638999510413	0.931073750908485	0.36483101618311525	0.0	-0.36483101618311525	0.931073750908485	0.0	0.0	0.0	1.0	2.0599999999999996
3.1406495752560875	6.313436211835778	0.9062086613289814	0.4228307724519771	0.0	-0.4228307724519771	0.9062086613289814	0.0	0.0	0.0	1.0	2.0699999999999994
3.1403586996428623	6.3171259768231645	0.8777168840569315	0.4791795816198674	0.0	-0.4791795816198674	0.8777168840569315	0.0	0.0	0.0	1.0	2.08
3.1400315244739376	6.320693735300797	0.8457063055416865	0.5336486154456241	0.0	-0.5336486154456241	0.8457063055416865	0.0	0.0	0.0	1.0	2.09
3.139669340630118	6.324125409035257	0.8102995305244939	0.5860159305273065	0.0	-0.5860159305273065	0.8102995305244939	0.0	0.0	0.0	1.0	2.0999999999999996
3.1392735771375366	6.327407456283397	0.7716334600252709	0.636067451902256	0.0	-0.636067451902256	0.7716334600252709	0.0	0.0	0.0	1.0	2.1099999999999994
3.138845795533652	6.330526925244813	0.7298587989404848	0.6835979327127556	0.0	-0.6835979327127556	0.7298587989404848	0.0	0.0	0.0	1.0	2.12
3.1383876837100995	6.333471505203352	0.6851394943775732	0.7284118843374562	0.0	-0.7284118843374562	0.6851394943775732	0.0	0.0	0.0	1.0	2.13
3.1379010492565325	6.336229575154639	0.6376521063601788	0.770324471410864	0.0	-0.770324471410864	0.6376521063601788	0.0	0.0	0.0	1.0	2.1399999999999997
3.1373878123315695	6.338790249725965	0.5875851130521959	0.8091623662278409	0.0	-0.8091623662278409	0.5875851130521959	0.0	0.0	0.0	1.0	2.1499999999999995
3.1368499980888513	6.341143422205094	0.5351381531607007	0.8447645571588301	0.0	-0.8447645571588301	0.5351381531607007	0.0	0.0	0.0	1.0	2.16
3.136289728687986	6.343279804505505	0.4805212086825427	0.8769831058841832	0.0	-0.8769831058841832	0.4805212086825427	0.0	0.0	0.0	1.0	2.17
3.135709214921833	6.345190963907389	0.423953731649837	0.9056838484924958	0.0	-0.9056838484924958	0.423953731649837	0.0	0.0	0.0	1.0	2.1799999999999997
3.1351107474931252	6.3468693564261995	0.36566371900008954	0.9307470357766516	0.0	-0.9307470357766516	0.36566371900008954	0.0	0.0	0.0	1.0	2.1899999999999995
3.134496687974835	6.348308356673794	0.30588674014041434	0.9520679084005882	0.0	-0.9520679084005882	0.30588674014041434	0.0	0.0	0.0	1.0	2.2
3.1338694594899716	6.34950228409103	0.2448649221870328	0.9695572029964701	0.0	-0.9695572029964701	0.2448649221870328	0.0	0.0	0.0	1.0	2.21
3.133231537147652	6.350446425445169	0.18284589823477576	0.9831415856827125	0.0	-0.9831415856827125	0.18284589823477576	0.0	0.0	0.0	1.0	2.2199999999999998
3.13258543827326	6.351137053500374	0.1200817243421193	0.9927640099636083	0.0	-0.9927640099636083	0.1200817243421193	0.0	0.0	0.0	1.0	2.2299999999999995
3.1319337124713567	6.351571441785101	0.05682777120012998	0.998383996476519	0.0	-0.998383996476519	0.05682777120012998	0.0	0.0	0.0	1.0	2.24
3.131278931560695	6.351747875395965	-0.006658403314674702	0.9999778325869525	0.0	-0.9999778325869525	-0.006658403314674702	0.0	0.0	0.0	1.0	2.25
3.130623679421201	6.351665657793857	-0.07011819432708012	0.997538690389656	0.0	-0.997538690389656	-0.07011819432708012	0.0	0.0	0.0	1.0	2.26
3.1299705417931576	6.35132511356447	-0.13329309639364365	0.9910766622485846	0.0	-0.9910766622485846	-0.13329309639364365	0.0	0.0	0.0	1.0	2.2699999999999996
3.1293220960690147	6.350727587131879	-0.19592584962100282	0.980618713593764	0.0	-0.980618713593764	-0.19592584962100282	0.0	0.0	0.0	1.0	2.2800000000000002
3.1286809011182837	6.349875437430502	-0.25776157891574814	0.9662085532817751	0.0	-0.9662085532817751	-0.25776157891574814	0.0	0.0	0.0	1.0	2.29
3.1280494871858333	6.348772028557236	-0.3185489198695125	0.9479064224120264	0.0	-0.9479064224120264	-0.3185489198695125	0.0	0.0	0.0	1.0	2.3
3.1274303459036186	6.347421716442085	-0.37804112490168407	0.925788803066374	0.0	-0.925788803066374	-0.37804112490168407	0.0	0.0	0.0	1.0	2.3099999999999996
3.12682592045538	6.345829831591807	-0.4359971434587962	0.8999480489982574	0.0	-0.8999480489982574	-0.4359971434587962	0.0	0.0	0.0	1.0	2.3199999999999994
3.126238595933263	6.344002657977082	-0.4921826703009844	0.8704919408331089	0.0	-0.8704919408331089	-0.4921826703009844	0.0	0.0	0.0	1.0	2.33
3.125670689924491	6.341947408149307	-0.5463711561892789	0.8375431688482634	0.0	-0.8375431688482634	-0.5463711561892789	0.0	0.0	0.0	1.0	2.34
3.1251244433653094	6.339672194688282	-0.5983447756187639	0.8012387468724482	0.0	-0.8012387468724482	-0.5983447756187639	0.0	0.0	0.0	1.0	2.3499999999999996
3.124602011698319	6.337185998096716	-0.6478953466170724	0.7617293612773133	0.0	-0.7617293612773133	-0.6478953466170724	0.0	0.0	0.0	1.0	2.3599999999999994
3.1241054563680977	6.334498631271554	-0.6948251980406713	0.7191786594218031	0.0	-0.7191786594218031	-0.6948251980406713	0.0	0.0	0.0	1.0	2.37
3.123636736688629	6.331620700695551	-0.7389479802467636	0.6737624822511483	0.0	-0.6737624822511483	-0.7389479802467636	0.0	0.0	0.0	1.0	2.38
3.123197702114572	6.328563564505358	-0.7800894154910617	0.625668046042639	0.0	-0.625668046042639	-0.7800894154910617	0.0	0.0	0.0	1.0	2.3899999999999997
3.122790084946768	6.325339287604347	-0.8180879848944923	0.5750930785283971	0.0	-0.5750930785283971	-0.8180879848944923	0.0	0.0	0.0	1.0	2.3999999999999995
3.1224154935006534	6.321960593999748	-0.8527955493292952	0.5222449148092738	0.0	-0.5222449148092738	-0.8527955493292952	0.0	0.0	0.0	1.0	2.41
3.1220754057643947	6.318440816554102	-0.8840779020900817	0.46733955860380566	0.0	-0.46733955860380566	-0.8840779020900817	0.0	0.0	0.0	1.0	2.42
3.1217711635716046	6.314793844350754	-0.9118152517324316	0.4106007144515489	0.0	-0.4106007144515489	-0.9118152517324316	0.0	0.0	0.0	1.0	2.4299999999999997
3.121503967311471	6.311034067881899	-0.9359026339739835	0.3522587965126774	0.0	-0.3522587965126774	-0.9359026339739835	0.0	0.0	0.0	1.0	2.4399999999999995
3.1212748711969933	6.307176322275688	-0.9562502520552555	0.2925499195765748	0.0	-0.2925499195765748	-0.9562502520552555	0.0	0.0	0.0	1.0	2.45
3.121084779109824	6.3032358287860175	-0.972783745443699	0.23171487781437067	0.0	-0.23171487781437067	-0.972783745443699	0.0	0.0	0.0	1.0	2.46
3.120934441037941	6.299228134774838	-0.9854443872299892	0.1699981166863659	0.0	-0.1699981166863659	-0.9854443872299892	0.0	0.0	0.0	1.0	2.4699999999999998
3.1208244501200593	6.29516905242228	-0.9941892110054155	0.10764670324923836	0.0	-0.10764670324923836	-0.9941892110054155	0.0	0.0	0.0	1.0	2.4799999999999995
3.1207552403083043	6.291074596404274	-0.9989910684196354	0.044909299903199376	0.0	-0.044909299903199376	-0.9989910684196354	0.0	0.0	0.0	1.0	2.49
3.1207270846582595	6.28696092078109	-0.9998386189953105	-0.017964853618956524	0.0	0.017964853618956524	-0.9998386189953105	0.0	0.0	0.0	1.0	2.5
3.120740094253045	6.282844255342908	-0.9967362541176042	-0.08072694548666354	0.0	0.08072694548666354	-0.9967362541176042	0.0	0.0	0.0	1.0	2.51
3.1207942177656296	6.278740841660451	-0.9897039574198864	-0.1431295799875613	0.0	0.1431295799875613	-0.9897039574198864	0.0	0.0	0.0	1.0	2.5199999999999996
3.120889241661068	6.274666869089752	-0.9787771040507974	-0.20492774479297432	0.0	0.20492774479297432	-0.9787771040507974	0.0	0.0	0.0	1.0	2.5300000000000002
3.121024791037884	6.270638410980253	-0.9640062015311811	-0.26587975366587047	0.0	0.26587975366587047	-0.9640062015311811	0.0	0.0	0.0	1.0	2.54
3.121200331105318	6.266671361334749	-0.9454565750920655	-0.325748161338144	0.0	0.325748161338144	-0.9454565750920655	0.0	0.0	0.0	1.0	2.55
3.121415169290687	6.262781372168125	-0.9232080005273255	-0.38430064762154353	0.0	0.38430064762154353	-0.9232080005273255	0.0	0.0	0.0	1.0	2.5599999999999996
3.121668457968646	6.258983791809358	-0.897354287697754	-0.44131086815356874	0.0	0.44131086815356874	-0.897354287697754	0.0	0.0	0.0	1.0	2.5699999999999994
3.1219591978016985	6.255293604387979	-0.8680028178887046	-0.4965592695109703	0.0	0.4965592695109703	-0.8680028178887046	0.0	0.0	0.0	1.0	2.58
3.1222862416789408	6.251725370741991	-0.8352740382531583	-0.5498338667454575	0.0	0.5498338667454575	-0.8352740382531583	0.0	0.0	0.0	1.0	2.59
3.1226482992376425	6.24829317097919	-0.7993009165685329	-0.6009309817048073	0.0	0.6009309817048073	-0.7993009165685329	0.0	0.0	0.0	1.0	2.5999999999999996
3.123043941950006	6.2450105489179	-0.7602283595017985	-0.6496559407942055	0.0	0.6496559407942055	-0.7602283595017985	0.0	0.0	0.0	1.0	2.6099999999999994
3.1234716087552052	6.241890458626351	-0.7182125975164334	-0.6958237311048666	0.0	0.6958237311048666	-0.7182125975164334	0.0	0.0	0.0	1.0	2.62
3.1239296122146505	6.2389452132722685	-0.6734205394702913	-0.7392596140866494	0.0	0.7392596140866494	-0.6734205394702913	0.0	0.0	0.0	1.0	2.63
3.124416145166358	6.236186436485698	-0.6260290998488663	-0.7797996961671748	0.0	0.7797996961671748	-0.6260290998488663	0.0	0.0	0.0	1.0	2.6399999999999997
3.1249292878523116	6.233625016428786	-0.5762245014579653	-0.817291455919808	0.0	0.817291455919808	-0.5762245014579653	0.0	0.0	0.0	1.0	2.6499999999999995
3.125467015490824	6.231271062755987	-0.5242015562668448	-0.8515942275564213	0.0	0.8515942275564213	-0.5242015562668448	0.0	0.0	0.0	1.0	2.66
3.1260272062641214	6.229133866637208	-0.4701629269518975	-0.8825796406670758	0.0	0.8825796406670758	-0.4701629269518975	0.0	0.0	0.0	1.0	2.67
3.1266076496897046	6.227221864004655	-0.4143183715453068	-0.9101320162482172	0.0	0.9101320162482172	-0.4143183715453068	0.0	0.0	0.0	1.0	2.6799999999999997
3.1272060553424987	6.225542602171574	-0.3568839734470295	-0.9341487191537865	0.0	0.9341487191537865	-0.3568839734470295	0.0	0.0	0.0	1.0	2.6899999999999995
3.127820061893393	6.224102709957963	-0.29808135891499277	-0.9545404671711888	0.0	0.9545404671711888	-0.29808135891499277	0.0	0.0	0.0	1.0	2.7
3.1284472464284705	6.222907871444392	-0.23813690401156298	-0.9712315969673699	0.0	0.9712315969673699	-0.23813690401156298	0.0	0.0	0.0	1.0	2.71
