3.0852814694978505	6.286207389817359	1.0	0.0	0.0	-0.0	1.0	0.0	0.0	0.0	1.0	0.0
3.1415925131736353	6.286476871230666	0.9999785420782535	0.006550983365157129	0.0	-0.006550983365157129	0.9999785420782535	0.0	0.0	0.0	1.0	0.009999999999999998
3.1414801309758267	6.3065659205274365	0.9975840767841253	0.0694694878832744	0.0	-0.0694694878832744	0.9975840767841253	0.0	0.0	0.0	1.0	0.020000000000000004
3.1411672097286396	6.3265715830303915	0.9912082040110658	0.13231136119456033	0.0	-0.13231136119456033	0.9912082040110658	0.0	0.0	0.0	1.0	0.03
3.140654975671232	6.346415456106853	0.9808388447285886	0.19482084249763368	0.0	-0.19482084249763368	0.9808388447285886	0.0	0.0	0.0	1.0	0.04000000000000001
3.139945436252106	6.366019752119287	0.9664808206978743	0.2567388229761197	0.0	-0.2567388229761197	0.9664808206978743	0.0	0.0	0.0	1.0	0.05
3.1390413725000084	6.3853075947603255	0.9481564219506383	0.3178040268998542	0.0	-0.3178040268998542	0.9481564219506383	0.0	0.0	0.0	1.0	0.06
3.1379463284429017	6.404203312905979	0.9259058845492595	0.3777542758951293	0.0	-0.3777542758951293	0.9259058845492595	0.0	0.0	0.0	1.0	0.07
3.1366645976040095	6.422632731132348	0.8997877670587933	0.436327828875664	0.0	-0.436327828875664	0.8997877670587933	0.0	0.0	0.0	1.0	0.08000000000000002
3.135201206612634	6.440523456004996	0.8698792148300291	0.4932647885331895	0.0	-0.4932647885331895	0.8698792148300291	0.0	0.0	0.0	1.0	0.09
3.133561895976591	6.457805157208655	0.8362761020846995	0.5483085637503953	0.0	-0.5483085637503953	0.8362761020846995	0.0	0.0	0.0	1.0	0.1
3.1317530980726445	6.474409842540228	0.799093042906201	0.6012073758520503	0.0	-0.6012073758520503	0.799093042906201	0.0	0.0	0.0	1.0	0.11000000000000001
3.1297819124213344	6.490272125742624	0.7584632635636498	0.6517157952853203	0.0	-0.6517157952853203	0.7584632635636498	0.0	0.0	0.0	1.0	0.12
3.1276560783230534	6.505329486113313	0.7145383301204784	0.6995962941501608	0.0	-0.6995962941501608	0.7145383301204784	0.0	0.0	0.0	1.0	0.13
3.125383944943084	6.519522518782415	0.6674877269824644	0.7446207990163739	0.0	-0.7446207990163739	0.6674877269824644	0.0	0.0	0.0	1.0	0.14
3.1229744389445555	6.532795174523214	0.6174982839002946	0.7865722276944382	0.0	-0.7865722276944382	0.6174982839002946	0.0	0.0	0.0	1.0	0.14999999999999997
3.1204370297797697	6.545094987935796	0.5647734509297565	0.8252459930983573	0.0	-0.8252459930983573	0.5647734509297565	0.0	0.0	0.0	1.0	0.16000000000000003
3.117781692762017	6.556373292834405	0.5095324229351618	0.860451457072288	0.0	-0.860451457072288	0.5095324229351618	0.0	0.0	0.0	1.0	0.16999999999999998
3.1150188700517005	6.566585423673106	0.45200911736147853	0.8920133170654444	0.0	-0.8920133170654444	0.45200911736147853	0.0	0.0	0.0	1.0	0.18
3.112159429702165	6.575690901864102	0.39245101115759773	0.9197729088429268	0.0	-0.9197729088429268	0.39245101115759773	0.0	0.0	0.0	1.0	0.19
3.109214622921929	6.583653605879806	0.33111784486465623	0.9435894090186607	0.0	-0.9435894090186607	0.33111784486465623	0.0	0.0	0.0	1.0	0.2
3.1061960397208592	6.590441924084165	0.2682802039457585	0.96334092208876	0.0	-0.96334092208876	0.2682802039457585	0.0	0.0	0.0	1.0	0.20999999999999996
3.103115563118032	6.596028889311007	0.2042179893830695	0.9789254378206426	0.0	-0.9789254378206426	0.2042179893830695	0.0	0.0	0.0	1.0	0.22000000000000003
3.09998532209843	6.60039229429686	0.1392187913626465	0.9902616462993626	0.0	-0.9902616462993626	0.1392187913626465	0.0	0.0	0.0	1.0	0.22999999999999998
3.0968176435140253	6.6035147871818785	0.07357618146641849	0.9972895996253148	0.0	-0.9972895996253148	0.07357618146641849	0.0	0.0	0.0	1.0	0.24
3.0936250031320975	6.605383946413632	0.007587940157987298	0.999971211167681	0.0	-0.999971211167681	0.007587940157987298	0.0	0.0	0.0	1.0	0.25
3.090419976039603	6.605992334522701	-0.058445762547431224	0.9982905853709376	0.0	-0.9982905853709376	-0.058445762547431224	0.0	0.0	0.0	1.0	0.26
3.0872151866170396	6.605337530383725	-0.12422421452459119	0.9922541733476098	0.0	-0.9922541733476098	-0.12422421452459119	0.0	0.0	0.0	1.0	0.27
3.0840232582983345	6.603422139728071	-0.18944801788221058	0.9818907518255285	0.0	-0.9818907518255285	-0.18944801788221058	0.0	0.0	0.0	1.0	0.28
3.0808567633348565	6.600253783831602	-0.2538209348170635	0.967251225405578	0.0	-0.967251225405578	-0.2538209348170635	0.0	0.0	0.0	1.0	0.29000000000000004
3.077728172781608	6.595845066459852	-0.3170517037291054	0.948408254478245	0.0	-0.948408254478245	-0.3170517037291054	0.0	0.0	0.0	1.0	0.30000000000000004
3.0746498069220536	6.590213519310123	-0.37885580681531517	0.9254557134959601	0.0	-0.9254557134959601	-0.37885580681531517	0.0	0.0	0.0	1.0	0.31000000000000005
3.0716337863448593	6.583381526342283	-0.43895717113965055	0.8985079865560882	0.0	-0.8985079865560882	-0.43895717113965055	0.0	0.0	0.0	1.0	0.32000000000000006
3.0686919838811804	6.575376227534432	-0.49708978625126915	0.8676991093718303	0.0	-0.8676991093718303	-0.49708978625126915	0.0	0.0	0.0	1.0	0.33000000000000007
3.0658359776050723	6.56622940273334	-0.5529992227683287	0.8331817686541302	0.0	-0.8331817686541302	-0.5529992227683287	0.0	0.0	0.0	1.0	0.3400000000000001
3.0630770050922895	6.555977336390177	-0.6064440379295706	0.7951261716606224	0.0	-0.7951261716606224	-0.6064440379295706	0.0	0.0	0.0	1.0	0.3500000000000001
3.0604259191242753	6.544660664077647	-0.657197055904808	0.7537188001569636	0.0	-0.7537188001569636	-0.657197055904808	0.0	0.0	0.0	1.0	0.36
3.0578931450147158	6.532324201773717	-0.7050465126086879	0.7091610642571455	0.0	-0.7091610642571455	-0.7050465126086879	0.0	0.0	0.0	1.0	0.37
3.055488639725799	6.51901675896874	-0.7497970568372069	0.6616678725450271	0.0	-0.6616678725450271	-0.7497970568372069	0.0	0.0	0.0	1.0	0.38
3.0532218529304522	6.504790936706516	-0.7912706016994077	0.6114661355187687	0.0	-0.6114661355187687	-0.7912706016994077	0.0	0.0	0.0	1.0	0.39
3.0511016901655212	6.489702911705958	-0.8293070225030451	0.5587932197397654	0.0	-0.5587932197397654	-0.8293070225030451	0.0	0.0	0.0	1.0	0.4
3.0491364782092667	6.473812207729207	-0.8637646994293267	0.5038953701114597	0.0	-0.5038953701114597	-0.8637646994293267	0.0	0.0	0.0	1.0	0.41000000000000003
3.0473339328048583	6.457181455365446	-0.8945209054564802	0.4470261174711372	0.0	-0.4470261174711372	-0.8945209054564802	0.0	0.0	0.0	1.0	0.42000000000000004
3.045701128839873	6.439876141389128	-0.9214720420262917	0.3884446881653759	0.0	-0.3884446881653759	-0.9214720420262917	0.0	0.0	0.0	1.0	0.43000000000000005
3.0442444730803224	6.421964348828706	-0.9445337268570289	0.3284144315184269	0.0	-0.3284144315184269	-0.9445337268570289	0.0	0.0	0.0	1.0	0.44000000000000006
3.0429696795465118	6.40351648884976	-0.9636407400599654	0.267201280117971	0.0	-0.267201280117971	-0.9636407400599654	0.0	0.0	0.0	1.0	0.45000000000000007
3.041881747607172	6.38460502551709	-0.9787468362896196	0.20507225666350065	0.0	-0.20507225666350065	-0.9787468362896196	0.0	0.0	0.0	1.0	0.4600000000000001
3.040984942857878	6.3653041944566295	-0.9898244320297058	0.14229403978055605	0.0	-0.14229403978055605	-0.9898244320297058	0.0	0.0	0.0	1.0	0.4700000000000001
3.0402827808397634	6.345689716392554	-0.9968641782729456	0.07913159973237632	0.0	-0.07913159973237632	-0.9968641782729456	0.0	0.0	0.0	1.0	0.48
3.03977801364502	6.325838506490355	-0.9998744297840174	0.015846913393024978	0.0	-0.015846913393024978	-0.9998744297840174	0.0	0.0	0.0	1.0	0.49
3.0394726194465527	6.305828380395304	-0.998880622836922	-0.047302233783646175	0.0	0.047302233783646175	-0.998880622836922	0.0	0.0	0.0	1.0	0.5
3.0393677949804636	6.285737757819837	-0.993924573791758	-0.11006335272411144	0.0	0.11006335272411144	-0.993924573791758	0.0	0.0	0.0	1.0	0.51
3.039463951001629	6.265645364504741	-0.9850637111266322	-0.17219025820709788	0.0	0.17219025820709788	-0.9850637111266322	0.0	0.0	0.0	1.0	0.52
3.0397607107245097	6.245629933359084	-0.972370253577493	-0.23344397605773032	0.0	0.23344397605773032	-0.972370253577493	0.0	0.0	0.0	1.0	0.53
3.040256911253331	6.225769905573561	-0.9559303468748017	-0.2935935488457153	0.0	0.2935935488457153	-0.9559303468748017	0.0	0.0	0.0	1.0	0.54
3.040950607997837	6.20614313250182	-0.9358431712167161	-0.35241674036152154	0.0	0.35241674036152154	-0.9358431712167161	0.0	0.0	0.0	1.0	0.55
3.0418390820628347	6.186826579114465	-0.9122200311016572	-0.40970064053756583	0.0	0.40970064053756583	-0.9122200311016572	0.0	0.0	0.0	1.0	0.56
3.0429188505916143	6.167896029850186	-0.8851834384781906	-0.46524217375892246	0.0	0.46524217375892246	-0.8851834384781906	0.0	0.0	0.0	1.0	0.5700000000000001
3.0441856800349423	6.1494257977170586	-0.8548661993775833	-0.5188485146569527	0.0	0.5188485146569527	-0.8548661993775833	0.0	0.0	0.0	1.0	0.5799999999999998
3.045634602308645	6.131488437532874	-0.8214105132952048	-0.5703374164896673	0.0	0.5703374164896673	-0.8214105132952048	0.0	0.0	0.0	1.0	0.5900000000000001
3.0472599337936948	6.114154464234777	-0.7849670936022581	-0.6195374580778985	0.0	0.6195374580778985	-0.7849670936022581	0.0	0.0	0.0	1.0	0.5999999999999999
3.0490552971232057	6.097492077233161	-0.7456943162198149	-0.6662882159827404	0.0	0.6662882159827404	-0.7456943162198149	0.0	0.0	0.0	1.0	0.6100000000000001
3.0510136456907766	6.081566891830523	-0.7037574026929214	-0.7104403691759874	0.0	0.7104403691759874	-0.7037574026929214	0.0	0.0	0.0	1.0	0.6199999999999999
3.0531272908041887	6.066441678769931	-0.6593276426825185	-0.7518557438729275	0.0	0.7518557438729275	-0.6593276426825185	0.0	0.0	0.0	1.0	0.6300000000000001
3.0553879313976395	6.052176113017528	-0.6125816597650787	-0.7904073064689251	0.0	0.7904073064689251	-0.6125816597650787	0.0	0.0	0.0	1.0	0.6399999999999999
3.057786686204479	6.038826532916139	-0.5637007233104467	-0.8259791126531465	0.0	0.8259791126531465	-0.5637007233104467	0.0	0.0	0.0	1.0	0.6500000000000001
3.060314128280937	6.026445710870225	-0.512870108112559	-0.8584662207708654	0.0	0.8584662207708654	-0.512870108112559	0.0	0.0	0.0	1.0	0.6599999999999999
3.062960321759667	6.0150826367336085	-0.46027850238873774	-0.8877745773780531	0.0	0.8877745773780531	-0.46027850238873774	0.0	0.0	0.0	1.0	0.6700000000000002
3.06571486070024	6.004782315068627	-0.40611746375326085	-0.9138208826868748	0.0	0.9138208826868748	-0.40611746375326085	0.0	0.0	0.0	1.0	0.6799999999999999
3.068566909892116	5.995585577426877	-0.3505809218200666	-0.9365324432478527	0.0	0.9365324432478527	-0.3505809218200666	0.0	0.0	0.0	1.0	0.6900000000000002
3.0715052474542968	5.987528910766323	-0.2938647252070393	-0.9558470187634586	0.0	0.9558470187634586	-0.2938647252070393	0.0	0.0	0.0	1.0	0.7
3.0745183090649806	5.980644303066431	-0.23616622990767283	-0.9717126693890517	0.0	0.9717126693890517	-0.23616622990767283	0.0	0.0	0.0	1.0	0.71
3.077594233644266	5.9749591071320545	-0.17768392527173815	-0.9840876092604902	0.0	0.9840876092604902	-0.17768392527173815	0.0	0.0	0.0	1.0	0.72
3.0807209103034943	5.970495923488243	-0.11861709319984659	-0.9929400713038119	0.0	0.9929400713038119	-0.11861709319984659	0.0	0.0	0.0	1.0	0.73
3.0838860263663017	5.967272503163113	-0.05916549561198206	-0.9982481876412242	0.0	0.9982481876412242	-0.05916549561198206	0.0	0.0	0.0	1.0	0.74
3.087077116259098	5.965301671035604	0.00047091519968060064	-0.9999998891194313	0.0	0.9999998891194313	0.00047091519968060064	0.0	0.0	0.0	1.0	0.75
3.0902816110625717	5.96459127029151	0.060092269075468566	-0.9981928266609421	0.0	0.9981928266609421	0.060092269075468566	0.0	0.0	0.0	1.0	0.76
3.093486888511098	5.965144128386915	0.11949903934494081	-0.9928343162862757	0.0	0.9928343162862757	0.11949903934494081	0.0	0.0	0.0	1.0	0.77
3.096680323223724	5.96695804476586	0.17849229918240364	-0.9839413087845125	0.0	0.9839413087845125	0.17849229918240364	0.0	0.0	0.0	1.0	0.78
3.099849336948686	5.970025800421693	0.23687397915915037	-0.9715403841309483	0.0	0.9715403841309483	0.23687397915915037	0.0	0.0	0.0	1.0	0.79
3.1029814486033427	5.974335189232424	0.294447132140551	-0.9556677698730899	0.0	0.9556677698730899	0.294447132140551	0.0	0.0	0.0	1.0	0.8
3.106064323892879	5.9798690708426525	0.35101621152586826	-0.9363693818392541	0.0	0.9363693818392541	0.35101621152586826	0.0	0.0	0.0	1.0	0.81
3.1090858242941914	5.986605444711507	0.4063873685790874	-0.9137008846769084	0.0	0.9137008846769084	0.4063873685790874	0.0	0.0	0.0	1.0	0.8200000000000001
3.1120340551958856	5.994517544800646	0.460368774251781	-0.8877277689099923	0.0	0.8877277689099923	0.460368774251781	0.0	0.0	0.0	1.0	0.8300000000000001
3.114897412991268	6.0035739542414115	0.5127709704563428	-0.8585254404251865	0.0	0.8585254404251865	0.5127709704563428	0.0	0.0	0.0	1.0	0.8399999999999999
3.1176646309284344	6.013738739198211	0.5634072552127302	-0.8261793175659008	0.0	0.8261793175659008	0.5634072552127302	0.0	0.0	0.0	1.0	0.8500000000000001
3.120324823529921	6.024971601038124	0.6120941054677874	-0.79078493033921	0.0	0.79078493033921	0.6120941054677874	0.0	0.0	0.0	1.0	0.8599999999999999
3.122867529403749	6.0372280458261125	0.6586516406777945	-0.7524480156346015	0.0	0.7524480156346015	0.6586516406777945	0.0	0.0	0.0	1.0	0.8700000000000001
3.125282752277874	6.050459570092018	0.702904129457362	-0.7112846018239027	0.0	0.7112846018239027	0.702904129457362	0.0	0.0	0.0	1.0	0.8799999999999999
3.1275610001008554	6.064613861760211	0.7446805407377458	-0.6674210756685306	0.0	0.6674210756685306	0.7446805407377458	0.0	0.0	0.0	1.0	0.8900000000000001
3.129693322062858	6.079635015095206	0.7838151399523586	-0.6209942241128047	0.0	0.6209942241128047	0.7838151399523586	0.0	0.0	0.0	1.0	0.8999999999999999
3.131671343402667	6.0954637584959865	0.8201481297856786	-0.5721512432994038	0.0	0.5721512432994038	0.8201481297856786	0.0	0.0	0.0	1.0	0.9100000000000001
3.133487297878085	6.112037693967172	0.8535263339936404	-0.5210497070140012	0.0	0.5210497070140012	0.8535263339936404	0.0	0.0	0.0	1.0	0.9199999999999999
3.1351340577887656	6.129291547104697	0.8838039217405633	-0.4678574867585218	0.0	0.4678574867585218	0.8838039217405633	0.0	0.0	0.0	1.0	0.9300000000000002
3.1366051614520325	6.14715742645548	0.9108431688122273	-0.41275261577378336	0.0	0.41275261577378336	0.9108431688122273	0.0	0.0	0.0	1.0	0.94
3.1378948380434952	6.16556509114217	0.9345152509712428	-0.3559230895884044	0.0	0.3559230895884044	0.9345152509712428	0.0	0.0	0.0	1.0	0.9500000000000002
3.1389980297251445	6.184442225683075	0.9547010636346716	-0.2975665960668754	0.0	0.2975665960668754	0.9547010636346716	0.0	0.0	0.0	1.0	0.96
3.139910410994094	6.203714720980984	0.9712920609919683	-0.237890168468507	0.0	0.237890168468507	0.9712920609919683	0.0	0.0	0.0	1.0	0.97
3.1406284051951654	6.223306960500233	0.9841911066614871	-0.17710975571220605	0.0	0.17710975571220605	0.9841911066614871	0.0	0.0	0.0	1.0	0.98
3.1411491981500737	6.243142110696334	0.993313327025153	-0.11544970486849077	0.0	0.11544970486849077	0.993313327025153	0.0	0.0	0.0	1.0	0.99
3.141470748865114	6.263142414804432	0.998586957502933	-0.05314215186681324	0.0	0.05314215186681324	0.998586957502933	0.0	0.0	0.0	1.0	1.0
3.1415917972880054	6.283229489129485	0.9999541712516231	0.009573682493147304	0.0	-0.009573682493147304	0.9999541712516231	0.0	0.0	0.0	1.0	1.0100000000000002
3.1415118690929362	6.303324621010614	0.9973718791162183	0.07245229291184502	0.0	-0.07245229291184502	0.9973718791162183	0.0	0.0	0.0	1.0	1.02
3.1412312774810363	6.32334906765304	0.9908124891464873	0.13524278668876172	0.0	-0.13524278668876172	0.9908124891464873	0.0	0.0	0.0	1.0	1.0300000000000002
3.1407511219914976	6.3432243550323335	0.9802646136351136	0.1976898764600791	0.0	-0.1976898764600791	0.9802646136351136	0.0	0.0	0.0	1.0	1.04
3.1400732843264914	6.36287257607694	0.9657337114542874	0.2595349659693797	0.0	-0.2595349659693797	0.9657337114542874	0.0	0.0	0.0	1.0	1.0500000000000003
3.1392004212010267	6.382216687325891	0.9472426534803821	0.32051732469157573	0.0	-0.32051732469157573	0.9472426534803821	0.0	0.0	0.0	1.0	1.06
3.1381359542369953	6.401180803239828	0.9248321991141394	0.3803753455229519	0.0	-0.3803753455229519	0.9248321991141394	0.0	0.0	0.0	1.0	1.0700000000000003
3.1368840569290257	6.419690487315865	0.8985613723364343	0.4388478781364494	0.0	-0.4388478781364494	0.8985613723364343	0.0	0.0	0.0	1.0	1.08
3.135449638718412	6.437673039121695	0.8685077263931616	0.4956756290109299	0.0	-0.4956756290109299	0.8685077263931616	0.0	0.0	0.0	1.0	1.0900000000000003
3.1338383262204608	6.455057776323597	0.8347674870790752	0.5506026176070052	0.0	-0.5506026176070052	0.8347674870790752	0.0	0.0	0.0	1.0	1.1
3.1320564416600676	6.471776310738635	0.7974555656866442	0.6033776767128483	0.0	-0.6033776767128483	0.7974555656866442	0.0	0.0	0.0	1.0	1.1100000000000003
3.130110978580263	6.4877628173958986	0.7567054339946165	0.6537559836537017	0.0	-0.6537559836537017	0.7567054339946165	0.0	0.0	0.0	1.0	1.12
3.1280095748988708	6.502954295547442	0.7126688551789468	0.7015006078813685	0.0	-0.7015006078813685	0.7126688551789468	0.0	0.0	0.0	1.0	1.1300000000000003
3.125760483399206	6.5172908205296745	0.6655154662180811	0.7463840594657217	0.0	-0.7463840594657217	0.6655154662180811	0.0	0.0	0.0	1.0	1.1400000000000001
3.123372539751939	6.53071578534262	0.6154322092117512	0.7881898222285945	0.0	-0.7881898222285945	0.6154322092117512	0.0	0.0	0.0	1.0	1.1500000000000004
3.1208551281766996	6.543176130790599	0.5626226110093023	0.8267138547170209	0.0	-0.8267138547170209	0.5626226110093023	0.0	0.0	0.0	1.0	1.1599999999999997
3.1182181448636532	6.554622563015632	0.5073059126170844	0.8617660419300283	0.0	-0.8617660419300283	0.5073059126170844	0.0	0.0	0.0	1.0	1.17
3.115471959286983	6.5650097572564965	0.4497160519880515	0.8931715807079176	0.0	-0.8931715807079176	0.4497160519880515	0.0	0.0	0.0	1.0	1.1800000000000002
3.112627373553818	6.574296546683455	0.3901005059500504	0.9207722819772078	0.0	-0.9207722819772078	0.3901005059500504	0.0	0.0	0.0	1.0	1.19
3.109695579943503	6.582446095192641	0.32871899916050673	0.9444277736232214	0.0	-0.9444277736232214	0.32871899916050673	0.0	0.0	0.0	1.0	1.2000000000000002
3.1066881168030442	6.589426053095606	0.2658420900403874	0.9640165886347385	0.0	-0.9640165886347385	0.2658420900403874	0.0	0.0	0.0	1.0	1.21
3.1036168229748697	6.595208694708923	0.20174964559598976	0.9794371243228902	0.0	-0.9794371243228902	0.20174964559598976	0.0	0.0	0.0	1.0	1.2200000000000002
3.1004937909425974	6.599771036935671	0.1367292188407752	0.9906084598443482	0.0	-0.9906084598443482	0.1367292188407752	0.0	0.0	0.0	1.0	1.23
3.097331318889084	6.603094938034202	0.07107434414061733	0.9974710209349348	0.0	-0.9974710209349348	0.07107434414061733	0.0	0.0	0.0	1.0	1.2400000000000002
3.0941418618684975	6.605167175888476	0.005082767188047758	0.9999870826554272	0.0	-0.9999870826554272	0.005082767188047758	0.0	0.0	0.0	1.0	1.25
3.090937982300367	6.605979505226432	-0.06094537256816759	0.9981411030322954	0.0	-0.9981411030322954	-0.06094537256816759	0.0	0.0	0.0	1.0	1.2600000000000002
3.0877322999984	6.605528693376055	-0.12670938837866944	0.9919398827029305	0.0	-0.9919398827029305	-0.12670938837866944	0.0	0.0	0.0	1.0	1.27
3.0845374419501987	6.603816534300289	-0.19190990234987926	0.9814125480041815	0.0	-0.9814125480041815	-0.19190990234987926	0.0	0.0	0.0	1.0	1.2800000000000002
3.0813659920658383	6.600849840808652	-0.2562506919122758	0.9666103573283705	0.0	-0.9666103573283705	-0.2562506919122758	0.0	0.0	0.0	1.0	1.29
3.0782304411134658	6.596640415002256	-0.31944050733388973	0.9476063329644157	0.0	-0.9476063329644157	-0.31944050733388973	0.0	0.0	0.0	1.0	1.3000000000000003
3.075143137058749	6.591204997166583	-0.38119484145830274	0.9244947229949879	0.0	-0.9244947229949879	-0.38119484145830274	0.0	0.0	0.0	1.0	1.31
3.072116236022066	6.584565193479659	-0.4412376336066246	0.8973903000864375	0.0	-0.8973903000864375	-0.4412376336066246	0.0	0.0	0.0	1.0	1.3200000000000003
3.0691616540629134	6.576747383049159	-0.49930289063964345	0.8664275061416831	0.0	-0.8664275061416831	-0.49930289063964345	0.0	0.0	0.0	1.0	1.33
3.0662910199951807	6.567782604927516	-0.5551362095057701	0.8317594537458326	0.0	-0.8317594537458326	-0.5551362095057701	0.0	0.0	0.0	1.0	1.3400000000000003
3.0635156294298205	6.5577064258771	-0.6084961871719644	0.7935567970833479	0.0	-0.7935567970833479	-0.6084961871719644	0.0	0.0	0.0	1.0	1.35
3.060846400233147	6.546558789765566	-0.65915570561348	0.7520064865127131	0.0	-0.7520064865127131	-0.65915570561348	0.0	0.0	0.0	1.0	1.3600000000000003
3.0582938295797235	6.534383849563368	-0.7069030814842232	0.7073104222250013	0.0	-0.7073104222250013	-0.7069030814842232	0.0	0.0	0.0	1.0	1.37
3.0558679527686805	6.521229782989853	-0.7515430721607453	0.6596840233681491	0.0	-0.6596840233681491	-0.7515430721607453	0.0	0.0	0.0	1.0	1.3800000000000003
3.0535783039615194	6.507148592911021	-0.7928977320050704	0.609354729678219	0.0	-0.609354729678219	-0.7928977320050704	0.0	0.0	0.0	1.0	1.3900000000000001
3.05143387898823	6.492195893630944	-0.8308071148805118	0.5565604530182863	0.0	-0.5565604530182863	-0.8308071148805118	0.0	0.0	0.0	1.0	1.4000000000000004
3.0494431003569664	6.4764306842407064	-0.8651298211363838	0.5015479962880208	0.0	-0.5015479962880208	-0.8651298211363838	0.0	0.0	0.0	1.0	1.4099999999999997
3.0476137845908604	6.45991511019454	-0.8957433894105038	0.44457145694183137	0.0	-0.44457145694183137	-0.8957433894105038	0.0	0.0	0.0	1.0	1.42
3.045953112003851	6.442714214274475	-0.9225445356433615	0.38589063185645545	0.0	-0.38589063185645545	-0.9225445356433615	0.0	0.0	0.0	1.0	1.4300000000000002
3.0444675990159014	6.424895678083931	-0.9454492436198982	0.32576943954054743	0.0	-0.32576943954054743	-0.9454492436198982	0.0	0.0	0.0	1.0	1.44
3.043163073096684	6.406529555179909	-0.9643927131228387	0.2644743747049423	0.0	-0.2644743747049423	-0.9643927131228387	0.0	0.0	0.0	1.0	1.4500000000000002
3.042044650415914	6.3876879969150915	-0.9793291733699054	0.2022730090412904	0.0	-0.2022730090412904	-0.9793291733699054	0.0	0.0	0.0	1.0	1.46
3.0411167162679926	6.368444972017908	-0.9902315707952365	0.13943255072040642	0.0	-0.13943255072040642	-0.9902315707952365	0.0	0.0	0.0	1.0	1.4700000000000002
3.0403829083285543	6.34887598089335	-0.9970911414078367	0.07621847365315929	0.0	-0.07621847365315929	-0.9970911414078367	0.0	0.0	0.0	1.0	1.48
3.0398461027909187	6.3290577655822995	-0.9999168789072311	0.012893225989712211	0.0	-0.012893225989712211	-0.9999168789072311	0.0	0.0	0.0	1.0	1.4900000000000002
3.0395084034212614	6.309068016275196	-0.9987349104541209	-0.05028497429848535	0.0	0.05028497429848535	-0.9987349104541209	0.0	0.0	0.0	1.0	1.5
3.039371133562554	6.288985075238898	-0.9935877924823245	-0.11306325057286007	0.0	0.11306325057286007	-0.9935877924823245	0.0	0.0	0.0	1.0	1.5100000000000002
3.039434831108882	6.2688876389857064	-0.9845337392025978	-0.17519508090055239	0.0	0.17519508090055239	-0.9845337392025978	0.0	0.0	0.0	1.0	1.52
3.039699246463578	6.248854459492067	-0.9716457964981855	-0.23644121076370506	0.0	0.23644121076370506	-0.9716457964981855	0.0	0.0	0.0	1.0	1.5300000000000002
3.040163343486594	6.228964045262611	-0.9550109737587226	-0.29657046380315194	0.0	0.29657046380315194	-0.9550109737587226	0.0	0.0	0.0	1.0	1.54
3.040825303428596	6.209294363033408	-0.9347293458588234	-0.3553604507965627	0.0	0.3553604507965627	-0.9347293458588234	0.0	0.0	0.0	1.0	1.5500000000000003
3.0416825318413	6.189922540916823	-0.9109131369781528	-0.4125981784746767	0.0	0.4125981784746767	-0.9109131369781528	0.0	0.0	0.0	1.0	1.56
3.042731668445458	6.170924573808613	-0.8836857973003431	-0.46808056106791796	0.0	0.46808056106791796	-0.8836857973003431	0.0	0.0	0.0	1.0	1.5700000000000003
3.0439685999295665	6.152375031905159	-0.853181082839419	-0.5216148386357088	0.0	0.5216148386357088	-0.853181082839419	0.0	0.0	0.0	1.0	1.58
3.0453884756437475	6.134346773213454	-0.8195421477454271	-0.5730189072524681	0.0	0.5730189072524681	-0.8195421477454271	0.0	0.0	0.0	1.0	1.5900000000000003
3.0469857261441997	6.116910660977184	-0.7829206574570737	-0.6221215670003601	0.0	0.6221215670003601	-0.7829206574570737	0.0	0.0	0.0	1.0	1.6
3.0487540845342114	6.1001352869864816	-0.7434759300190639	-0.6687626944457117	0.0	0.6687626944457117	-0.7434759300190639	0.0	0.0	0.0	1.0	1.6100000000000003
3.0506866105377943	6.084086701784712	-0.701374111785864	-0.7127933468520808	0.0	0.7127933468520808	-0.701374111785864	0.0	0.0	0.0	1.0	1.62
3.052775717231678	6.068828152830075	-0.6567873926107807	-0.7540758058096894	0.0	0.7540758058096894	-0.6567873926107807	0.0	0.0	0.0	1.0	1.6300000000000003
3.055013200350607	6.054419831710409	-0.6098932644877461	-0.7924835682413108	0.0	0.7924835682413108	-0.6098932644877461	0.0	0.0	0.0	1.0	1.6400000000000001
3.0573902700697473	6.040918631543597	-0.5608738264894112	-0.8279012928840768	0.0	0.8279012928840768	-0.5608738264894112	0.0	0.0	0.0	1.0	1.6500000000000004
3.059897585156559	6.0283779157208075	-0.5099151377444492	-0.8602247103513474	0.0	0.8602247103513474	-0.5099151377444492	0.0	0.0	0.0	1.0	1.6600000000000001
3.062525289372854	6.016847299163081	-0.4572066191326753	-0.8893605047567994	0.0	0.8893605047567994	-0.4572066191326753	0.0	0.0	0.0	1.0	1.67
3.065263049996046	6.006372443261407	-0.40294050336103976	-0.915226174642723	0.0	0.915226174642723	-0.40294050336103976	0.0	0.0	0.0	1.0	1.6800000000000002
3.0681000983169953	5.996994865654546	-0.34731133212702575	-0.9377498806057779	0.0	0.9377498806057779	-0.34731133212702575	0.0	0.0	0.0	1.0	1.69
3.0710252719604507	5.988751765966271	-0.29051549818773365	-0.9568702865659133	0.0	0.9568702865659133	-0.29051549818773365	0.0	0.0	0.0	1.0	1.7000000000000002
3.0740270588631238	5.981675868573491	-0.23275082934067057	-0.9725364010880159	0.0	0.9725364010880159	-0.23275082934067057	0.0	0.0	0.0	1.0	1.71
3.0770936427340665	5.975795283408625	-0.17421621059230089	-0.9847074245515056	0.0	0.9847074245515056	-0.17421621059230089	0.0	0.0	0.0	1.0	1.7200000000000002
3.0802129498123896	5.971133385713878	-0.11511124014829276	-0.9933526072807793	0.0	0.9933526072807793	-0.11511124014829276	0.0	0.0	0.0	1.0	1.73
3.083372696728717	5.967708715562571	-0.05563591430908296	-0.9984511230095305	0.0	0.9984511230095305	-0.05563591430908296	0.0	0.0	0.0	1.0	1.7400000000000002
3.0865604392691846	5.965534897844751	0.004009664100495491	-0.99999196126459	0.0	0.99999196126459	0.004009664100495491	0.0	0.0	0.0	1.0	1.75
3.089763621834476	5.96462058328281	0.06362555949604845	-0.9979738414301323	0.0	0.9979738414301323	0.06362555949604845	0.0	0.0	0.0	1.0	1.7600000000000002
3.0929696273814615	5.964969410900178	0.12301226547902605	-0.9924051504006405	0.0	0.9924051504006405	0.12301226547902605	0.0	0.0	0.0	1.0	1.77
3.0961658276314963	5.966579992214919	0.18197096110594332	-0.9833039048606385	0.0	0.9833039048606385	0.18197096110594332	0.0	0.0	0.0	1.0	1.7800000000000002
3.099339633327523	5.969445917273335	0.24030376768052406	-0.9706977383503811	0.0	0.9706977383503811	0.24030376768052406	0.0	0.0	0.0	1.0	1.79
3.1024785443217655	5.973555782479571	0.2978140122228676	-0.954623912398866	0.0	0.954623912398866	0.2978140122228676	0.0	0.0	0.0	1.0	1.8000000000000003
3.1055701992770186	5.978893240019057	0.35430650362412625	-0.9351293501380689	0.0	0.9351293501380689	0.35430650362412625	0.0	0.0	0.0	1.0	1.81
3.10860242476735	5.9854370685195	0.4095878272504319	-0.9122706899644811	0.0	0.9122706899644811	0.4095878272504319	0.0	0.0	0.0	1.0	1.8200000000000003
3.111563283568319	5.993161264446338	0.46346666341728443	-0.8861143559952347	0.0	0.8861143559952347	0.46346666341728443	0.0	0.0	0.0	1.0	1.83
3.1144411219325394	6.002035153592709	0.5157541347179228	-0.856736641285621	0.0	0.856736641285621	0.5157541347179228	0.0	0.0	0.0	1.0	1.8400000000000003
3.117224615653449	6.012023521899772	0.5662641866589362	-0.8242237990421616	0.0	0.8242237990421616	0.5662641866589362	0.0	0.0	0.0	1.0	1.85
3.1199028147283125	6.023086764733602	0.6148140054375225	-0.7886721363899387	0.0	0.7886721363899387	0.6148140054375225	0.0	0.0	0.0	1.0	1.8600000000000003
3.122465186440743	6.0351810536514705	0.6612244759914717	-0.7501881046442975	0.0	0.7501881046442975	0.6612244759914717	0.0	0.0	0.0	1.0	1.87
3.12490165669303	6.048258519614367	0.7053206826708389	-0.7088883795046591	0.0	0.7088883795046591	0.7053206826708389	0.0	0.0	0.0	1.0	1.8800000000000003
3.127202649429335	6.062267451544315	0.7469324540253809	-0.6648999241416879	0.0	0.6648999241416879	0.7469324540253809	0.0	0.0	0.0	1.0	1.8900000000000001
3.129359124001996	6.077152509084688	0.785894952281922	-0.6183600277975572	0.0	0.6183600277975572	0.785894952281922	0.0	0.0	0.0	1.0	1.9000000000000004
3.131362610344763	6.092854948398499	0.8220493071092331	-0.5694163122718121	0.0	0.5694163122718121	0.8220493071092331	0.0	0.0	0.0	1.0	1.9100000000000001
3.1332052418284206	6.1093128598325075	0.8552432922449202	-0.5182266985307397	0.0	0.5182266985307397	0.8552432922449202	0.0	0.0	0.0	1.0	1.92
3.134879785685991	6.126461416282408	0.8853320425002339	-0.46495932566447573	0.0	0.46495932566447573	0.8853320425002339	0.0	0.0	0.0	1.0	1.9300000000000002
3.136379670906212	6.144233131114304	0.9121788075774522	-0.40979241453030546	0.0	0.40979241453030546	0.9121788075774522	0.0	0.0	0.0	1.0	1.94
3.1376990135053138	6.162558124527914	0.9356557380444359	-0.3529140686690204	0.0	0.3529140686690204	0.9356557380444359	0.0	0.0	0.0	1.0	1.9500000000000002
3.13883263909804	6.181364397284889	0.9556446977275179	-0.2945220054686595	0.0	0.2945220054686595	0.9556446977275179	0.0	0.0	0.0	1.0	1.96
3.1397761026994266	6.200578110768738	0.9720380957237658	-0.2348232110795592	0.0	0.2348232110795592	0.9720380957237658	0.0	0.0	0.0	1.0	1.9700000000000002
3.140525705698932	6.220123872388295	0.9847397302145657	-0.1740335132580627	0.0	0.1740335132580627	0.9847397302145657	0.0	0.0	0.0	1.0	1.98
3.1410785099581737	6.239925025381942	0.9936656353033053	-0.11237706713239477	0.0	0.11237706713239477	0.9936656353033053	0.0	0.0	0.0	1.0	1.9900000000000002
3.141432348992723	6.259903942122375	0.9987449212200964	-0.050085749840282745	0.0	0.050085749840282745	0.9987449212200964	0.0	0.0	0.0	1.0	2.0
3.1415858362072115	6.279982320059326	0.9999205974560129	0.012601538922301668	0.0	-0.012601538922301668	0.9999205974560129	0.0	0.0	0.0	1.0	2.0100000000000007
3.1415383701614714	6.3000814794684725	0.9971503677281336	0.07543967218677466	0.0	-0.07543967218677466	0.9971503677281336	0.0	0.0	0.0	1.0	2.0199999999999996
3.1412901368536246	6.320122662197184	0.9904073851544886	0.13817818724910438	0.0	-0.13817818724910438	0.9904073851544886	0.0	0.0	0.0	1.0	2.0300000000000002
3.1408421090140495	6.340027330610685	0.9796809556535486	0.20056227244860805	0.0	-0.20056227244860805	0.9796809556535486	0.0	0.0	0.0	1.0	2.04
3.140196042412103	6.359717465945106	0.9649771773935961	0.2623338466715419	0.0	-0.2623338466715419	0.9649771773935961	0.0	0.0	0.0	1.0	2.05
3.1393544691854354	6.37911586526645	0.9463195041187206	0.3232327274959929	0.0	-0.3232327274959929	0.9463195041187206	0.0	0.0	0.0	1.0	2.0600000000000005
3.1383206882098302	6.398146436217289	0.9237492203832182	0.38299788229361903	0.0	-0.38299788229361903	0.9237492203832182	0.0	0.0	0.0	1.0	2.0699999999999994
3.1370987525358105	6.416734488706706	0.8973258171448101	0.44136875499450456	0.0	-0.44136875499450456	0.8973258171448101	0.0	0.0	0.0	1.0	2.08
3.1356934539268613	6.434807022665001	0.8671272568057176	0.49808665963323195	0.0	-0.49808665963323195	0.8671272568057176	0.0	0.0	0.0	1.0	2.09
3.1341103045431207	6.452293010944695	0.8332501176511595	0.5528962302587428	0.0	-0.5528962302587428	0.8332501176511595	0.0	0.0	0.0	1.0	2.1000000000000005
3.132355515823778	6.469123676405458	0.7958096087153231	0.6055469153388234	0.0	-0.6055469153388234	0.7958096087153231	0.0	0.0	0.0	1.0	2.1099999999999994
3.130435974631304	6.4852327621750785	0.7549394473974212	0.6557945034561331	0.0	-0.6557945034561331	0.7549394473974212	0.0	0.0	0.0	1.0	2.12
3.1283592167309293	6.5005567940341145	0.7107915936432445	0.7034026659077265	0.0	-0.7034026659077265	0.7107915936432445	0.0	0.0	0.0	1.0	2.13
3.126133397689537	6.515035333830999	0.6635358361822411	0.7481445008164761	0.0	-0.7481445008164761	0.6635358361822411	0.0	0.0	0.0	1.0	2.1400000000000006
3.1237672612892644	6.528611222799864	0.613359228144495	0.7898040625686787	0.0	-0.7898040625686787	0.613359228144495	0.0	0.0	0.0	1.0	2.1499999999999995
3.1212701055625214	6.541230813627726	0.5604653713472574	0.828177859834819	0.0	-0.828177859834819	0.5604653713472574	0.0	0.0	0.0	1.0	2.16
3.118651746566773	6.552844190103474	0.5050735506053813	0.8630763051311705	0.0	-0.8630763051311705	0.5050735506053813	0.0	0.0	0.0	1.0	2.17
3.1159224800291203	6.563405373180257	0.44741772154669157	0.8943250988572149	0.0	-0.8943250988572149	0.44741772154669157	0.0	0.0	0.0	1.0	2.1800000000000006
3.1130930410023696	6.57287251229748	0.3877453575633799	0.9217665310088269	0.0	-0.9217665310088269	0.3877453575633799	0.0	0.0	0.0	1.0	2.1899999999999995
3.1101745616856724	6.581208060839691	0.3263161636606734	0.9452606843266997	0.0	-0.9452606843266997	0.3263161636606734	0.0	0.0	0.0	1.0	2.2
3.107178527573836	6.588378934658346	0.26340066703210807	0.964686523491979	0.0	-0.964686523491979	0.26340066703210807	0.0	0.0	0.0	1.0	2.21
3.1041167321098255	6.594356652648937	0.1992786961518811	0.9799428561196853	0.0	-0.9799428561196853	0.1992786961518811	0.0	0.0	0.0	1.0	2.2200000000000006
3.101001230024684	6.599117458460108	0.1342377619876718	0.9909491527099366	0.0	-0.9909491527099366	0.1342377619876718	0.0	0.0	0.0	1.0	2.2299999999999995
3.097844289557802	6.602642422512351	0.06857135656015545	0.997646214376369	0.0	-0.997646214376369	0.06857135656015545	0.0	0.0	0.0	1.0	2.24
3.0946583437581836	6.604917523620419	0.0025771854725500096	0.9999966790520057	0.0	-0.9999966790520057	0.0025771854725500096	0.0	0.0	0.0	1.0	2.25
3.0914559410737223	6.605933709643731	-0.06344464782898819	0.9979853589416308	0.0	-0.9979853589416308	-0.06344464782898819	0.0	0.0	0.0	1.0	2.2600000000000007
3.0882496954406182	6.605686936730708	-0.1291934874510002	0.9916194042072031	0.0	-0.9916194042072031	-0.1291934874510002	0.0	0.0	0.0	1.0	2.2699999999999996
3.085052236088613	6.604178186873243	-0.19436998094627533	0.9809282901960493	0.0	-0.9809282901960493	-0.19436998094627533	0.0	0.0	0.0	1.0	2.2800000000000002
3.081876157279825	6.60141346364366	-0.25867792632157377	0.9659636279042656	0.0	-0.9659636279042656	-0.25867792632157377	0.0	0.0	0.0	1.0	2.29
3.0787339681994204	6.597403766145152	-0.3218260908770056	0.9467987997620325	0.0	-0.9467987997620325	-0.3218260908770056	0.0	0.0	0.0	1.0	2.3000000000000007
3.0756380432152666	6.592165041364853	-0.38352998301945473	0.9235284251852224	0.0	-0.9235284251852224	-0.38352998301945473	0.0	0.0	0.0	1.0	2.3099999999999996
3.0726005727210337	6.585718115272817	-0.44351355893318806	0.8962676626111297	0.0	-0.8962676626111297	-0.44351355893318806	0.0	0.0	0.0	1.0	2.3200000000000003
3.0696335147730456	6.578088603157495	-0.5015108470291484	0.865151356880463	0.0	-0.865151356880463	-0.5015108470291484	0.0	0.0	0.0	1.0	2.33
3.066748547725547	6.569306799825712	-0.5572674744080635	0.8303330428008139	0.0	-0.8303330428008139	-0.5572674744080635	0.0	0.0	0.0	1.0	2.34
3.063957024062156	6.55940755042027	-0.6105420811304173	0.7919838174918342	0.0	-0.7919838174918342	-0.6105420811304173	0.0	0.0	0.0	1.0	2.3500000000000005
3.0612699256131446	6.548430102718916	-0.6611076098544555	0.7502910956372394	0.0	-0.7502910956372394	-0.6611076098544555	0.0	0.0	0.0	1.0	2.3599999999999994
3.0586978203390656	6.536417941872965	-0.7087524603419382	0.7054572630282074	0.0	-0.7054572630282074	-0.7087524603419382	0.0	0.0	0.0	1.0	2.37
3.0562508208512527	6.523418608621199	-0.753281500398141	0.6576982447581303	0.0	-0.6576982447581303	-0.753281500398141	0.0	0.0	0.0	1.0	2.38
3.053938544829028	6.5094835020741355	-0.7945169269641571	0.6072420051078748	0.0	-0.6072420051078748	-0.7945169269641571	0.0	0.0	0.0	1.0	2.3900000000000006
3.0517700774822814	6.49466766820562	-0.832298973270403	0.5543269965399782	0.0	-0.5543269965399782	-0.832298973270403	0.0	0.0	0.0	1.0	2.3999999999999995
3.0497539361965518	6.479029575213105	-0.8664864601476128	0.49920057530101003	0.0	-0.49920057530101003	-0.8664864601476128	0.0	0.0	0.0	1.0	2.41
3.0478980374860787	6.4626308769164735	-0.896957191732364	0.442117400923772	0.0	-0.442117400923772	-0.896957191732364	0.0	0.0	0.0	1.0	2.42
3.0462096663685854	6.445536165358843	-0.9236081978599776	0.38333783643914465	0.0	-0.38333783643914465	-0.9236081978599776	0.0	0.0	0.0	1.0	2.4300000000000006
3.044695448264002	6.4278127137540135	-0.9463558273719695	0.3231263653729217	0.0	-0.3231263653729217	-0.9463558273719695	0.0	0.0	0.0	1.0	2.4399999999999995
3.0433613235080212	6.409530210895677	-0.9651356983477104	0.2617500406396866	0.0	-0.2617500406396866	-0.9651356983477104	0.0	0.0	0.0	1.0	2.45
3.042212524560398	6.390760488106349	-0.9799025128735303	0.19947697928367825	0.0	-0.19947697928367825	-0.9799025128735303	0.0	0.0	0.0	1.0	2.46
3.0412535559773155	6.371577239761228	-0.9906297453667613	0.13657491568580846	0.0	-0.13657491568580846	-0.9906297453667613	0.0	0.0	0.0	1.0	2.4700000000000006
3.040488177207022	6.352055738377174	-0.9973092146610061	0.07330982439105503	0.0	-0.07330982439105503	-0.9973092146610061	0.0	0.0	0.0	1.0	2.4799999999999995
3.0399193882582445	6.332272545211649	-0.9999505510226065	0.009944622143932408	0.0	-0.009944622143932408	-0.9999505510226065	0.0	0.0	0.0	1.0	2.49
3.0395494182816587	6.312305217273997	-0.9985805700016035	-0.05326204291305948	0.0	0.05326204291305948	-0.9985805700016035	0.0	0.0	0.0	1.0	2.5
3.03937971709585	6.292232011613372	-0.9932425655238587	-0.1160569085904986	0.0	0.1160569085904986	-0.9932425655238587	0.0	0.0	0.0	1.0	2.5100000000000007
3.0394109496807222	6.27213158771666	-0.9839955349090219	-0.17819311793418902	0.0	0.17819311793418902	-0.9839955349090219	0.0	0.0	0.0	1.0	2.5199999999999996
3.039642993653096	6.252082708826679	-0.9709133485606299	-0.23943113746291386	0.0	0.23943113746291386	-0.9709133485606299	0.0	0.0	0.0	1.0	2.5300000000000002
3.0400749397312063	6.23216394297762	-0.9540838769321777	-0.29953957297503336	0.0	0.29953957297503336	-0.9540838769321777	0.0	0.0	0.0	1.0	2.54
3.0407050951868677	6.212453364541125	-0.9336080870418033	-0.3582958830493934	0.0	0.3582958830493934	-0.9336080870418033	0.0	0.0	0.0	1.0	2.5500000000000007
3.041530990276116	6.193028257083405	-0.9095991203061233	-0.4154869917799192	0.0	0.4154869917799192	-0.9095991203061233	0.0	0.0	0.0	1.0	2.5599999999999996
3.042549387631057	6.173964818350395	-0.8821813628099219	-0.4709098035832649	0.0	0.4709098035832649	-0.8821813628099219	0.0	0.0	0.0	1.0	2.5700000000000003
3.04375629458737	6.155337868223939	-0.8514895183437278	-0.5243716240899832	0.0	0.5243716240899832	-0.8514895183437278	0.0	0.0	0.0	1.0	2.58
3.0451469784133143	6.137220560525522	-0.8176676936466295	-0.5756904921627609	0.0	0.5756904921627609	-0.8176676936466295	0.0	0.0	0.0	1.0	2.59
3.046715984397148	6.119684099584032	-0.7808685043086966	-0.6246954289721505	0.0	0.6246954289721505	-0.7808685043086966	0.0	0.0	0.0	1.0	2.6000000000000005
3.0484571567404823	6.1027974625278185	-0.7412522087367442	-0.6712266107976487	0.0	0.6712266107976487	-0.7412522087367442	0.0	0.0	0.0	1.0	2.6099999999999994
3.0503636621952777	6.086627128307003	-0.698985876489415	-0.7151354728080018	0.0	0.7151354728080018	-0.698985876489415	0.0	0.0	0.0	1.0	2.62
3.0524280163719095	6.071236814496908	-0.6542425961621211	-0.7562847515103341	0.0	0.7562847515103341	-0.6542425961621211	0.0	0.0	0.0	1.0	2.63
3.054642112635026	6.056687222974709	-0.6072007268669792	-0.794548473846758	0.0	0.794548473846758	-0.6072007268669792	0.0	0.0	0.0	1.0	2.6400000000000006
3.056997253492814	6.04303579559687	-0.5580431962250333	-0.8298119010636983	0.0	0.8298119010636983	-0.5580431962250333	0.0	0.0	0.0	1.0	2.6499999999999995
3.059484184373909	6.030336481031218	-0.5069568466821261	-0.861971435490826	0.0	0.861971435490826	-0.5069568466821261	0.0	0.0	0.0	1.0	2.66
3.0620931296745404	6.018639513912989	-0.45413183089048814	-0.8909344982500416	0.0	0.8909344982500416	-0.45413183089048814	0.0	0.0	0.0	1.0	2.67
3.0648138309468274	6.007991207495951	-0.39976105587661875	-0.9166193856800167	0.0	0.9166193856800167	-0.39976105587661875	0.0	0.0	0.0	1.0	2.6800000000000006
3.067635587087474	5.9984337609566225	-0.34403967475411484	-0.9389551119170091	0.0	0.9389551119170091	-0.34403967475411484	0.0	0.0	0.0	1.0	2.6899999999999995
