3.134413143044581	6.286207389817356	1.0	0.0	0.0	-0.0	1.0	0.0	0.0	0.0	1.0	0.0
3.141581563850798	6.288656739683941	0.998449509338597	0.05566486595254623	0.0	-0.05566486595254623	0.998449509338597	0.0	0.0	0.0	1.0	0.009999999999999998
3.1415429684265943	6.291419994485073	0.9929759317052042	0.11831652063081446	0.0	-0.11831652063081446	0.9929759317052042	0.0	0.0	0.0	1.0	0.02
3.141476834776106	6.294162573091708	0.9835699746810525	0.18052729684431082	0.0	-0.18052729684431082	0.9835699746810525	0.0	0.0	0.0	1.0	0.03
3.141383423857061	6.296873653476157	0.9702638036174294	0.24204989442228347	0.0	-0.24204989442228347	0.9702638036174294	0.0	0.0	0.0	1.0	0.04
3.1412631042617645	6.299542537830314	0.9531052223936248	0.30263911684711065	0.0	-0.30263911684711065	0.9531052223936248	0.0	0.0	0.0	1.0	0.05
3.1411163507634683	6.302158694758347	0.9321575601118038	0.36205287338510234	0.0	-0.36205287338510234	0.9321575601118038	0.0	0.0	0.0	1.0	0.06
3.1409437424439384	6.304711800816296	0.9074994917214552	0.42005317821116495	0.0	-0.42005317821116495	0.9074994917214552	0.0	0.0	0.0	1.0	0.07
3.1407459604095758	6.307191781235341	0.8792247921463545	0.47640714192295625	0.0	-0.47640714192295625	0.8792247921463545	0.0	0.0	0.0	1.0	0.08000000000000002
3.1405237851050547	6.3095888496685655	0.8474420238393942	0.5308879507306525	0.0	-0.5308879507306525	0.8474420238393942	0.0	0.0	0.0	1.0	0.09
3.140278093235025	6.311893546804738	0.8122741580606054	0.5832758285296371	0.0	-0.5832758285296371	0.8122741580606054	0.0	0.0	0.0	1.0	0.1
3.140009854305985	6.314096777696906	0.7738581305581765	0.6333589770177764	0.0	-0.6333589770177764	0.7738581305581765	0.0	0.0	0.0	1.0	0.11000000000000001
3.1397201268019015	6.316189847658497	0.7323443327278214	0.6809344890086285	0.0	-0.6809344890086285	0.7323443327278214	0.0	0.0	0.0	1.0	0.12
3.1394100540086303	6.318164496585053	0.6878960397288222	0.7258092301186329	0.0	-0.7258092301186329	0.6878960397288222	0.0	0.0	0.0	1.0	0.13
3.139080859503556	6.320012931565801	0.6406887774414768	0.7678006840714235	0.0	-0.7678006840714235	0.6406887774414768	0.0	0.0	0.0	1.0	0.14
3.1387338423282127	6.321727857655784	0.59090963055642	0.8067377569667081	0.0	-0.8067377569667081	0.59090963055642	0.0	0.0	0.0	1.0	0.15000000000000002
3.1383703718628837	6.323302506686459	0.5387564944870719	0.8424615360050581	0.0	-0.8424615360050581	0.5387564944870719	0.0	0.0	0.0	1.0	0.16000000000000003
3.1379918824233926	6.324730664000206	0.48443727418796706	0.8748259983432891	0.0	-0.8748259983432891	0.48443727418796706	0.0	0.0	0.0	1.0	0.17000000000000004
3.137599867601369	6.326006693002342	0.4281690333395681	0.9036986659772493	0.0	-0.9036986659772493	0.4281690333395681	0.0	0.0	0.0	1.0	0.18
3.1371958743703225	6.327125557432783	0.3701770977200755	0.9289612028085682	0.0	-0.9289612028085682	0.3701770977200755	0.0	0.0	0.0	1.0	0.19
3.1367814969807704	6.328082841268423	0.310694116922563	0.9505099503475536	0.0	-0.9505099503475536	0.310694116922563	0.0	0.0	0.0	1.0	0.2
3.136358370668529	6.328874766176724	0.24995908888745585	0.9682563988337763	0.0	-0.9682563988337763	0.24995908888745585	0.0	0.0	0.0	1.0	0.21000000000000002
3.135928165201006	6.329498206450648	0.18821635200227274	0.9821275909162499	0.0	-0.9821275909162499	0.18821635200227274	0.0	0.0	0.0	1.0	0.22000000000000003
3.1354925782869856	6.329950701365139	0.12571454976918672	0.9920664554233908	0.0	-0.9920664554233908	0.12571454976918672	0.0	0.0	0.0	1.0	0.23000000000000004
3.135053328875958	6.330230464905602	0.06270557325332421	0.9980320691656015	0.0	-0.9980320691656015	0.06270557325332421	0.0	0.0	0.0	1.0	0.24
3.134612150373469	6.3303363928293646	-0.0005565133018334193	0.9999998451464605	0.0	-0.9999998451464605	-0.0005565133018334193	0.0	0.0	0.0	1.0	0.25
3.1341707837993087	6.330268067031761	-0.06381655817319729	0.997961646007965	0.0	-0.997961646007965	-0.06381655817319729	0.0	0.0	0.0	1.0	0.26
3.1337309709155994	6.330025757199339	-0.12681941356260473	0.9919258219966033	0.0	-0.9919258219966033	-0.12681941356260473	0.0	0.0	0.0	1.0	0.27
3.133294447351945	6.329610419743501	-0.1893110270529474	0.9819171732056418	0.0	-0.9819171732056418	-0.1893110270529474	0.0	0.0	0.0	1.0	0.28
3.1328629357548303	6.329023694018905	-0.25103952746043634	0.9679768363201884	0.0	-0.9679768363201884	-0.25103952746043634	0.0	0.0	0.0	1.0	0.29000000000000004
3.1324381389883507	6.32826789584179	-0.3117562994706536	0.9501620965605627	0.0	-0.9501620965605627	-0.3117562994706536	0.0	0.0	0.0	1.0	0.30000000000000004
3.1320217334131573	6.327346008334258	-0.37121704153313545	0.9285461259815726	0.0	-0.9285461259815726	-0.37121704153313545	0.0	0.0	0.0	1.0	0.31000000000000005
3.1316153622701846	6.326261670131234	-0.42918280161918454	0.9032176497358252	0.0	-0.9032176497358252	-0.42918280161918454	0.0	0.0	0.0	1.0	0.32000000000000006
3.1312206291952953	6.325019160997388	-0.4854209856187914	0.8742805423437497	0.0	-0.8742805423437497	-0.4854209856187914	0.0	0.0	0.0	1.0	0.33000000000000007
3.1308390918904756	6.323623384911658	-0.53970633336286	0.8418533564273635	0.0	-0.8418533564273635	-0.53970633336286	0.0	0.0	0.0	1.0	0.3400000000000001
3.1304722559765703	6.322079850687047	-0.5918218575037822	0.8060687867550591	0.0	-0.8060687867550591	-0.5918218575037822	0.0	0.0	0.0	1.0	0.3500000000000001
3.13012156905182	6.320394650203188	-0.6415597407677821	0.7670730728072628	0.0	-0.7670730728072628	-0.6415597407677821	0.0	0.0	0.0	1.0	0.36
3.129788414979658	6.318574434338572	-0.6887221874029649	0.725025343404543	0.0	-0.725025343404543	-0.6887221874029649	0.0	0.0	0.0	1.0	0.37
3.1294741084282847	6.31662638669843	-0.7331222249839434	0.6800969072379262	0.0	-0.6800969072379262	-0.7331222249839434	0.0	0.0	0.0	1.0	0.38
3.129179889683555	6.314558195242855	-0.7745844530933259	0.6324704934035368	0.0	-0.6324704934035368	-0.7745844530933259	0.0	0.0	0.0	1.0	0.39
3.1289069197556194	6.312378021927997	-0.8129457357780466	0.5823394462684891	0.0	-0.5823394462684891	-0.8129457357780466	0.0	0.0	0.0	1.0	0.4
3.128656275798585	6.310094470480844	-0.8480558350702342	0.5299068791809819	0.0	-0.5299068791809819	-0.8480558350702342	0.0	0.0	0.0	1.0	0.41000000000000003
3.1284289468612343	6.307716552435364	-0.8797779832636703	0.47538479168407255	0.0	-0.47538479168407255	-0.8797779832636703	0.0	0.0	0.0	1.0	0.42000000000000004
3.128225829985518	6.305253651564435	-0.9079893920435478	0.4189931549994446	0.0	-0.4189931549994446	-0.9079893920435478	0.0	0.0	0.0	1.0	0.43000000000000005
3.1280477266681674	6.302715486848173	-0.9325816969749008	0.36095897061496396	0.0	-0.36095897061496396	-0.9325816969749008	0.0	0.0	0.0	1.0	0.44000000000000006
3.1278953396993323	6.300112074124849	-0.9534613362595971	0.3015153068387467	0.0	-0.3015153068387467	-0.9534613362595971	0.0	0.0	0.0	1.0	0.45000000000000007
3.1277692703906723	6.297453686575574	-0.9705498630691829	0.240900318174116	0.0	-0.240900318174116	-0.9705498630691829	0.0	0.0	0.0	1.0	0.4600000000000001
3.1276700162037843	6.294750814198381	-0.9837841911474275	0.17935625232592792	0.0	-0.17935625232592792	-0.9837841911474275	0.0	0.0	0.0	1.0	0.4700000000000001
3.1275979687882796	6.29201412243112	-0.9931167737486885	0.1171284495713849	0.0	-0.1171284495713849	-0.9931167737486885	0.0	0.0	0.0	1.0	0.48
3.127553412437212	6.289254410085791	-0.998515716333104	0.05446433912009109	0.0	-0.05446433912009109	-0.998515716333104	0.0	0.0	0.0	1.0	0.49
3.1275365229659187	6.286482566759527	-0.9999648237743702	-0.008387563048504451	0.0	0.008387563048504451	-0.9999648237743702	0.0	0.0	0.0	1.0	0.5
3.12754736701867	6.2837095298894114	-0.9974635831481425	-0.07117865054402582	0.0	0.07117865054402582	-0.9974635831481425	0.0	0.0	0.0	1.0	0.51
3.1275859018058543	6.280946241619616	-0.9910270834569642	-0.13366121297812314	0.0	0.13366121297812314	-0.9910270834569642	0.0	0.0	0.0	1.0	0.52
3.1276519752727197	6.278203605650069	-0.9806858739095885	-0.19558940849183679	0.0	0.19558940849183679	-0.9806858739095885	0.0	0.0	0.0	1.0	0.53
3.127745326699021	6.275492444235931	-0.9664857626075322	-0.25672021867577355	0.0	0.25672021867577355	-0.9664857626075322	0.0	0.0	0.0	1.0	0.54
3.127865587727211	6.272823455506589	-0.9484875576990646	-0.31681438239143084	0.0	0.31681438239143084	-0.9484875576990646	0.0	0.0	0.0	1.0	0.55
3.128012283815146	6.270207171271672	-0.9267667532403672	-0.37563730524045186	0.0	0.37563730524045186	-0.9267667532403672	0.0	0.0	0.0	1.0	0.56
3.1281848361076063	6.267653915479796	-0.9014131621555067	-0.43295994167221774	0.0	0.43295994167221774	-0.9014131621555067	0.0	0.0	0.0	1.0	0.5700000000000001
3.1283825637192826	6.265173763493281	-0.8725304988117307	-0.48855964696580534	0.0	0.48855964696580534	-0.8725304988117307	0.0	0.0	0.0	1.0	0.5799999999999998
3.1286046864202652	6.262776502339	-0.8402359138253744	-0.5422209965669331	0.0	0.5422209965669331	-0.8402359138253744	0.0	0.0	0.0	1.0	0.5900000000000001
3.1288503277134923	6.260471592091886	-0.8046594837876578	-0.5937365705012452	0.0	0.5937365705012452	-0.8046594837876578	0.0	0.0	0.0	1.0	0.5999999999999999
3.12911851829206	6.258268128543263	-0.7659436586503969	-0.6429077008196779	0.0	0.6429077008196779	-0.7659436586503969	0.0	0.0	0.0	1.0	0.6100000000000001
3.129408199862815	6.256174807301391	-0.7242426695410824	-0.6895451802572522	0.0	0.6895451802572522	-0.7242426695410824	0.0	0.0	0.0	1.0	0.6199999999999999
3.129718229321178	6.2541998894660225	-0.679721899786826	-0.7334699305017133	0.0	0.7334699305017133	-0.679721899786826	0.0	0.0	0.0	1.0	0.6300000000000001
3.13004738326079	6.252351169012866	-0.6325572219197532	-0.7745136286710288	0.0	0.7745136286710288	-0.6325572219197532	0.0	0.0	0.0	1.0	0.6399999999999999
3.1303943628002178	6.25063594201718	-0.5829343034147071	-0.812519290787862	0.0	0.812519290787862	-0.5829343034147071	0.0	0.0	0.0	1.0	0.6500000000000001
3.130757798707716	6.249060977838679	-0.5310478838763035	-0.847341811213456	0.0	0.847341811213456	-0.5310478838763035	0.0	0.0	0.0	1.0	0.6599999999999999
3.1311362568038565	6.247632492382262	-0.47710102634872376	-0.87884845716255	0.0	0.87884845716255	-0.47710102634872376	0.0	0.0	0.0	1.0	0.6700000000000002
3.1315282436207195	6.246356123541007	-0.42130434537089567	-0.9069193175644684	0.0	0.9069193175644684	-0.42130434537089567	0.0	0.0	0.0	1.0	0.6799999999999999
3.131932212295332	6.245236908919353	-0.3638752143441187	-0.93144770566362	0.0	0.93144770566362	-0.3638752143441187	0.0	0.0	0.0	1.0	0.6900000000000002
3.1323465686741008	6.244279265925342	-0.30503695472138426	-0.9523405148655097	0.0	0.9523405148655097	-0.30503695472138426	0.0	0.0	0.0	1.0	0.7
3.132769677604141	6.243486974311527	-0.24501800946961821	-0.9695185274328418	0.0	0.9695185274328418	-0.24501800946961821	0.0	0.0	0.0	1.0	0.71
3.1331998693866567	6.24286316123439	-0.18405110320022966	-0.9829166757211816	0.0	0.9829166757211816	-0.18405110320022966	0.0	0.0	0.0	1.0	0.72
3.1336354463668803	6.242410288892091	-0.12237239131133985	-0.9924842557163032	0.0	0.9924842557163032	-0.12237239131133985	0.0	0.0	0.0	1.0	0.73
3.134074689634532	6.242130144790149	-0.06022060043882033	-0.9981850926971351	0.0	0.9981850926971351	-0.06022060043882033	0.0	0.0	0.0	1.0	0.74
3.1345158658083165	6.242023834674064	0.002163837525891453	-0.9999976589008405	0.0	0.9999976589008405	0.002163837525891453	0.0	0.0	0.0	1.0	0.75
3.134957233877635	6.242091778157269	0.06453965562403235	-0.9979151431118436	0.0	0.9979151431118436	0.06453965562403235	0.0	0.0	0.0	1.0	0.76
3.135397052074463	6.24233370706198	0.12666562401818907	-0.9919454721364894	0.0	0.9919454721364894	0.12666562401818907	0.0	0.0	0.0	1.0	0.77
3.1358335847482253	6.242748666479566	0.18830142198744793	-0.9821112841615787	0.0	0.9821112841615787	0.18830142198744793	0.0	0.0	0.0	1.0	0.78
3.1362651092164775	6.243335018546233	0.24920850753650814	-0.9684498540303603	0.0	0.9684498540303603	0.24920850753650814	0.0	0.0	0.0	1.0	0.79
3.1366899225643197	6.244090448918813	0.30915098241747346	-0.9510129705058239	0.0	0.9510129705058239	0.30915098241747346	0.0	0.0	0.0	1.0	0.8
3.1371063483656503	6.245011975924706	0.36789645034433427	-0.9298667656304525	0.0	0.9298667656304525	0.36789645034433427	0.0	0.0	0.0	1.0	0.81
3.1375127432997005	6.246095962349208	0.4252168661521124	-0.9050914963360205	0.0	0.9050914963360205	0.4252168661521124	0.0	0.0	0.0	1.0	0.8200000000000001
3.1379075036367032	6.247338129813026	0.48088937361616824	-0.8767812785085284	0.0	0.8767812785085284	0.48088937361616824	0.0	0.0	0.0	1.0	0.8300000000000001
3.1382890715670686	6.24873357568233	0.5346971296034254	-0.8450437737737956	0.0	0.8450437737737956	0.5346971296034254	0.0	0.0	0.0	1.0	0.8399999999999999
3.138655941349075	6.250276792443694	0.5864301121777055	-0.809999829340256	0.0	0.809999829340256	0.5864301121777055	0.0	0.0	0.0	1.0	0.8500000000000001
3.1390066652508084	6.251961689466465	0.6358859102276432	-0.7717830713185939	0.0	0.7717830713185939	0.6358859102276432	0.0	0.0	0.0	1.0	0.8599999999999999
3.139339859262896	6.253781617065657	0.6828704921297473	-0.7305394520342325	0.0	0.7305394520342325	0.6828704921297473	0.0	0.0	0.0	1.0	0.8700000000000001
3.139654208559507	6.255729392769436	0.7271989509030229	-0.6864267519594083	0.0	0.6864267519594083	0.7271989509030229	0.0	0.0	0.0	1.0	0.8799999999999999
3.1399484726860853	6.257797329686589	0.768696223257652	-0.639614037017186	0.0	0.639614037017186	0.768696223257652	0.0	0.0	0.0	1.0	0.8900000000000001
3.1402214904533805	6.2599772668611795	0.8071977798906573	-0.5902810721508813	0.0	0.5902810721508813	0.8071977798906573	0.0	0.0	0.0	1.0	0.8999999999999999
3.140472184518489	6.262260601493895	0.8425502843389642	-0.5386176922087973	0.0	0.5386176922087973	0.8425502843389642	0.0	0.0	0.0	1.0	0.9100000000000001
3.1406995656348813	6.26463832290232	0.87461221766707	-0.48482313136595484	0.0	0.48482313136595484	0.87461221766707	0.0	0.0	0.0	1.0	0.9199999999999999
3.140902736554693	6.267101048085706	0.903254466245393	-0.4291053124907107	0.0	0.4291053124907107	0.903254466245393	0.0	0.0	0.0	1.0	0.9300000000000002
3.141080895567922	6.269639058753674	0.9283608698685142	-0.3716800980641495	0.0	0.3716800980641495	0.9283608698685142	0.0	0.0	0.0	1.0	0.94
3.1412333396646335	6.272242339672632	0.9498287274725471	-0.31277050447233956	0.0	0.31277050447233956	0.9498287274725471	0.0	0.0	0.0	1.0	0.9500000000000002
3.1413594673077343	6.27490061817876	0.9675692577398214	-0.25260588171460135	0.0	0.25260588171460135	0.9675692577398214	0.0	0.0	0.0	1.0	0.96
3.1414587808054373	6.277603404701944	0.9815080119291965	-0.19142106080260968	0.0	0.19142106080260968	0.9815080119291965	0.0	0.0	0.0	1.0	0.97
3.14153088827409	6.280340034141228	0.9915852363433263	-0.1294554713635148	0.0	0.1294554713635148	0.9915852363433263	0.0	0.0	0.0	1.0	0.98
3.1415755051836713	6.28309970792919	0.9977561819418171	-0.06695223220242602	0.0	0.06695223220242602	0.9977561819418171	0.0	0.0	0.0	1.0	0.99
3.1415924554798837	6.2858715366200135	0.9999913587326499	-0.004157217823124605	0.0	0.004157217823124605	0.9999913587326499	0.0	0.0	0.0	1.0	1.0
3.1415816722784466	6.2886445828340936	0.9982767327245267	0.05868189585250336	0.0	-0.05868189585250336	0.9982767327245267	0.0	0.0	0.0	1.0	1.0099999999999998
3.141543198128859	6.291407904390676	0.9926138634005253	0.12131660308912165	0.0	-0.12131660308912165	0.9926138634005253	0.0	0.0	0.0	1.0	1.02
3.1414771848466025	6.294150597459327	0.9830199798788419	0.18349855356106012	0.0	-0.18349855356106012	0.9830199798788419	0.0	0.0	0.0	1.0	1.0299999999999998
3.1413838929144395	6.2968618395609575	0.9695279941592938	0.2449805472715261	0.0	-0.2449805472715261	0.9695279941592938	0.0	0.0	0.0	1.0	1.04
3.1412636904551587	6.299530932249689	0.9521864501140361	0.30551753504378487	0.0	-0.30551753504378487	0.9521864501140361	0.0	0.0	0.0	1.0	1.0499999999999998
3.141117051779793	6.302147343308053	0.9310594071665744	0.36486762027703556	0.0	-0.36486762027703556	0.9310594071665744	0.0	0.0	0.0	1.0	1.06
3.1409445555170135	6.304700748289806	0.9062262579131892	0.4227930574981784	0.0	-0.4227930574981784	0.9062262579131892	0.0	0.0	0.0	1.0	1.0699999999999998
3.140746882331037	6.307181071247141	0.8777814792733782	0.4790612431043027	0.0	-0.4790612431043027	0.8777814792733782	0.0	0.0	0.0	1.0	1.08
3.1405248122370057	6.309578524482071	0.8458343171086441	0.5334456935821618	0.0	-0.5334456935821618	0.8458343171086441	0.0	0.0	0.0	1.0	1.0899999999999999
3.1402792215243887	6.3118836471655335	0.8105084046190815	0.5857270064132535	0.0	-0.5857270064132535	0.8105084046190815	0.0	0.0	0.0	1.0	1.1
3.140011079300489	6.314087342671934	0.7719413152118215	0.6356937988285266	0.0	-0.6356937988285266	0.7719413152118215	0.0	0.0	0.0	1.0	1.1099999999999999
3.1397214436676437	6.31618091448186	0.7302840509309029	0.6831436195676209	0.0	-0.6831436195676209	0.7302840509309029	0.0	0.0	0.0	1.0	1.12
3.139411457549147	6.318156100511024	0.6857004679410263	0.7278838288253542	0.0	-0.7278838288253542	0.6857004679410263	0.0	0.0	0.0	1.0	1.13
3.139082344180323	6.320005105729617	0.6383666409637949	0.7697324416344952	0.0	-0.7697324416344952	0.6383666409637949	0.0	0.0	0.0	1.0	1.1400000000000001
3.1387354022824967	6.321720632942803	0.5884701689704988	0.8085189300392618	0.0	-0.8085189300392618	0.5884701689704988	0.0	0.0	0.0	1.0	1.15
3.13837200093886	6.323295911610165	0.5362094248357788	0.8440849795590982	0.0	-0.8440849795590982	0.5362094248357788	0.0	0.0	0.0	1.0	1.1599999999999997
3.1379935741924347	6.32472472458957	0.48179275204751226	0.8762851956266775	0.0	-0.8762851956266775	0.48179275204751226	0.0	0.0	0.0	1.0	1.17
3.1376016153874153	6.3260014326989875	0.4254376119454034	0.904987755907334	0.0	-0.904987755907334	0.4254376119454034	0.0	0.0	0.0	1.0	1.1799999999999997
3.1371976712762213	6.32712099699835	0.36736968531991143	0.9300750046678758	0.0	-0.9300750046678758	0.36736968531991143	0.0	0.0	0.0	1.0	1.19
3.136783335915501	6.328078998702523	0.30782193254011797	0.9514439856593068	0.0	-0.9514439856593068	0.30782193254011797	0.0	0.0	0.0	1.0	1.1999999999999997
3.1363602443751857	6.328871656645786	0.24703361668981336	0.9690069103082549	0.0	-0.9690069103082549	0.24703361668981336	0.0	0.0	0.0	1.0	1.21
3.1359300662854386	6.3294958422279715	0.1852492944719972	0.9826915583730367	0.0	-0.9826915583730367	0.1852492944719972	0.0	0.0	0.0	1.0	1.2199999999999998
3.1354944992469833	6.329949091782373	0.12271777988941326	0.9924416086092993	0.0	-0.9924416086092993	0.12271777988941326	0.0	0.0	0.0	1.0	1.23
3.135055262130862	6.33022961631585	0.05969108592000121	0.9982168974034106	0.0	-0.9982168974034106	0.05969108592000121	0.0	0.0	0.0	1.0	1.2399999999999998
3.13461408829409	6.330336308582062	-0.00357665042175843	0.9999936037654243	0.0	-0.9999936037654243	-0.00357665042175843	0.0	0.0	0.0	1.0	1.25
3.1341727187380415	6.330268747459443	-0.06683025411545541	0.9977643595232613	0.0	-0.9977643595232613	-0.06683025411545541	0.0	0.0	0.0	1.0	1.2599999999999998
3.13373289523661	6.3300271996163096	-0.12981460364695022	0.9915382840213409	0.0	-0.9915382840213409	-0.12981460364695022	0.0	0.0	0.0	1.0	1.27
3.1332963534613074	6.329612618456463	-0.19227572234728035	0.9813409430956357	0.0	-0.9813409430956357	-0.19227572234728035	0.0	0.0	0.0	1.0	1.2799999999999998
3.1328648161305006	6.329026640349467	-0.2539618639035108	0.9672142325682841	0.0	-0.9672142325682841	-0.2539618639035108	0.0	0.0	0.0	1.0	1.29
3.1324399862098558	6.328271578160781	-0.31462458643117613	0.9492161869737639	0.0	-0.9492161869737639	-0.31462458643117613	0.0	0.0	0.0	1.0	1.2999999999999998
3.1320235401908847	6.327350412107701	-0.3740198095864709	0.9274207146904258	0.0	-0.9274207146904258	-0.3740198095864709	0.0	0.0	0.0	1.0	1.31
3.1316171214741493	6.326266777977796	-0.4319088493275006	0.9019172611013687	0.0	-0.9019172611013687	-0.4319088493275006	0.0	0.0	0.0	1.0	1.3199999999999998
3.131222333883281	6.32502495275709	-0.48805942510644135	0.872810401842674	0.0	-0.872810401842674	-0.48805942510644135	0.0	0.0	0.0	1.0	1.33
3.130840735335433	6.323629837725547	-0.5422466344858778	0.8402193686108045	0.0	-0.8402193686108045	-0.5422466344858778	0.0	0.0	0.0	1.0	1.3399999999999999
3.1304738316931613	6.3220869390875265	-0.5942538904206591	0.8042775103904817	0.0	-0.8042775103904817	-0.5942538904206591	0.0	0.0	0.0	1.0	1.35
3.130123070822011	6.320402346214642	-0.6438738167279592	0.7651316933261689	0.0	-0.7651316933261689	-0.6438738167279592	0.0	0.0	0.0	1.0	1.3599999999999999
3.1297898368772556	6.31858270758789	-0.690909097579788	0.7229416427910921	0.0	-0.7229416427910921	-0.690909097579788	0.0	0.0	0.0	1.0	1.37
3.1294754448423183	6.3166352045349665	-0.7351732771899454	0.67787923150499	0.0	-0.67787923150499	-0.7351732771899454	0.0	0.0	0.0	1.0	1.38
3.129181135340415	6.314567522867383	-0.7764915062276496	0.6301277178130764	0.0	-0.6301277178130764	-0.7764915062276496	0.0	0.0	0.0	1.0	1.3900000000000001
3.128908069739861	6.3123878225301056	-0.8147012318683917	0.5798809384624788	0.0	-0.5798809384624788	-0.8147012318683917	0.0	0.0	0.0	1.0	1.4
3.128657325572321	6.310104705384269	-0.8496528287848867	0.5273424603972642	0.0	-0.5273424603972642	-0.8496528287848867	0.0	0.0	0.0	1.0	1.4099999999999997
3.1284298922820386	6.3077271812506535	-0.8812101687827543	0.47272469623859265	0.0	-0.47272469623859265	-0.8812101687827543	0.0	0.0	0.0	1.0	1.42
3.128226667322762	6.305264632348346	-0.9092511271925889	0.41624798822217324	0.0	-0.41624798822217324	-0.9092511271925889	0.0	0.0	0.0	1.0	1.4299999999999997
3.1280484526177363	6.3027267762691865	-0.9336680245379562	0.3581396654315052	0.0	-0.3581396654315052	-0.9336680245379562	0.0	0.0	0.0	1.0	1.44
3.1278959513966584	6.300123627634137	-0.9543680024034737	0.2986330791931852	0.0	-0.2986330791931852	-0.9543680024034737	0.0	0.0	0.0	1.0	1.4499999999999997
3.1277697654220322	6.297465458582745	-0.9712733328245757	0.23796662149100029	0.0	-0.23796662149100029	-0.9712733328245757	0.0	0.0	0.0	1.0	1.46
3.1276703926158183	6.294762758251319	-0.9843216609069898	0.17638273121058382	0.0	-0.17638273121058382	-0.9843216609069898	0.0	0.0	0.0	1.0	1.4699999999999998
3.1275982250956966	6.292026191399202	-0.9934661807560754	0.11412689294788064	0.0	-0.11412689294788064	-0.9934661807560754	0.0	0.0	0.0	1.0	1.48
3.1275535476286453	6.2892665563457655	-0.9986757451507534	0.05144663300535306	0.0	-0.05144663300535306	-0.9986757451507534	0.0	0.0	0.0	1.0	1.4899999999999998
3.127536536507915	6.286494742383333	-0.9999349097311742	-0.011409482937833358	0.0	0.011409482937833358	-0.9999349097311742	0.0	0.0	0.0	1.0	1.5
3.1275472588577946	6.283721686833191	-0.9972439127810998	-0.07419284615811823	0.0	0.07419284615811823	-0.9972439127810998	0.0	0.0	0.0	1.0	1.5099999999999998
3.127585672368899	6.280958331913173	-0.9906185919733608	-0.13665579108371606	0.0	0.13665579108371606	-0.9906185919733608	0.0	0.0	0.0	1.0	1.52
3.127651625465023	6.278215581586052	-0.9800902397081421	-0.1985525674194027	0.0	0.1985525674194027	-0.9800902397081421	0.0	0.0	0.0	1.0	1.5299999999999998
3.1277448579008955	6.275504258557971	-0.9657053989082374	-0.2596402944835067	0.0	0.2596402944835067	-0.9657053989082374	0.0	0.0	0.0	1.0	1.54
3.1278650017885	6.272835061595678	-0.9475256013421316	-0.3196798942711786	0.0	0.3196798942711786	-0.9475256013421316	0.0	0.0	0.0	1.0	1.5499999999999998
3.1280115830479294	6.270218523330038	-0.9256270507246379	-0.3784369999971049	0.0	0.3784369999971049	-0.9256270507246379	0.0	0.0	0.0	1.0	1.56
3.128184023277081	6.267664968711555	-0.9001002529960476	-0.43568283711485717	0.0	0.43568283711485717	-0.9001002529960476	0.0	0.0	0.0	1.0	1.5699999999999998
3.1283816420328563	6.265184474281153	-0.8710495963049064	-0.4911950740561836	0.0	0.4911950740561836	-0.8710495963049064	0.0	0.0	0.0	1.0	1.58
3.1286036595149063	6.262786828416399	-0.8385928833176411	-0.5447586401783868	0.0	0.5447586401783868	-0.8385928833176411	0.0	0.0	0.0	1.0	1.5899999999999999
3.128849199641383	6.260481492709694	-0.8028608185515245	-0.5961665086490319	0.0	0.5961665086490319	-0.8028608185515245	0.0	0.0	0.0	1.0	1.6
3.1291172935046165	6.258277564630664	-0.763996453477589	-0.6452204422316967	0.0	0.6452204422316967	-0.763996453477589	0.0	0.0	0.0	1.0	1.6099999999999999
3.129406883193122	6.256183741620072	-0.7221545921688028	-0.6917317001623606	0.0	0.6917317001623606	-0.7221545921688028	0.0	0.0	0.0	1.0	1.62
3.1297168259649264	6.2542082867571915	-0.6775011602783281	-0.7355217045210284	0.0	0.7355217045210284	-0.6775011602783281	0.0	0.0	0.0	1.0	1.63
3.130045898755776	6.2523589961364605	-0.6302125401250586	-0.7764226647059715	0.0	0.7764226647059715	-0.6302125401250586	0.0	0.0	0.0	1.0	1.6400000000000001
3.1303928030044967	6.250643168082749	-0.5804748746414675	-0.8142781588069108	0.0	0.8142781588069108	-0.5804748746414675	0.0	0.0	0.0	1.0	1.65
3.130756169776487	6.249067574327386	-0.5284833429043259	-0.8489436708478771	0.0	0.8489436708478771	-0.5284833429043259	0.0	0.0	0.0	1.0	1.6600000000000001
3.1311345651651754	6.247638433259542	-0.47444140992483647	-0.8802870830294702	0.0	0.8802870830294702	-0.47444140992483647	0.0	0.0	0.0	1.0	1.67
3.1315264959501325	6.246361385359439	-0.4185600533234071	-0.9081891222437685	0.0	0.9081891222437685	-0.4185600533234071	0.0	0.0	0.0	1.0	1.6799999999999997
3.131930415489535	6.245241470911301	-0.3610569694584382	-0.9325437602630177	0.0	0.9325437602630177	-0.3610569694584382	0.0	0.0	0.0	1.0	1.69
3.132344729823719	6.2442831100850364	-0.30215576152017715	-0.9532585671160589	0.0	0.9532585671160589	-0.30215576152017715	0.0	0.0	0.0	1.0	1.6999999999999997
3.1327678039657485	6.243490085466239	-0.24208511204245367	-0.9702550172647357	0.0	0.9702550172647357	-0.24208511204245367	0.0	0.0	0.0	1.0	1.71
3.1331979683541333	6.242865527104401	-0.18107794222891846	-0.9834687482773108	0.0	0.9834687482773108	-0.18107794222891846	0.0	0.0	0.0	1.0	1.7199999999999998
3.1336335254422316	6.242411900139246	-0.11937056043813575	-0.9928497717684611	0.0	0.9928497717684611	-0.11937056043813575	0.0	0.0	0.0	1.0	1.73
3.1340727563982784	6.242130995054771	-0.057201802125446864	-0.9983626364370821	0.0	0.9983626364370821	-0.057201802125446864	0.0	0.0	0.0	1.0	1.7399999999999998
3.1345139278895733	6.242023920600101	0.00518783649991755	-0.9999865430856808	0.0	0.9999865430856808	0.00518783649991755	0.0	0.0	0.0	1.0	1.75
3.134955298923999	6.242091099405566	0.06755706887490433	-0.9977154115503236	0.0	0.9977154115503236	0.06755706887490433	0.0	0.0	0.0	1.0	1.7599999999999998
3.1353951277218286	6.2423322663116165	0.12966469033411898	-0.9915578995099363	0.0	0.9915578995099363	0.12966469033411898	0.0	0.0	0.0	1.0	1.77
3.135831678590643	6.242746469417265	0.19127045001869283	-0.9815373731802813	0.0	0.9815373731802813	0.19127045001869283	0.0	0.0	0.0	1.0	1.7799999999999998
3.136263228776181	6.243332073843877	0.25213592025020715	-0.96769182993326	0.0	0.96769182993326	0.25213592025020715	0.0	0.0	0.0	1.0	1.79
3.1366880752620374	6.24408676819916	0.31202536116864815	-0.9500737729184902	0.0	0.9500737729184902	0.31202536116864815	0.0	0.0	0.0	1.0	1.7999999999999998
3.1371045414913135	6.2450075737154265	0.370706578414923	-0.928750037803445	0.0	0.928750037803445	0.370706578414923	0.0	0.0	0.0	1.0	1.81
3.1375109839836757	6.246090856025473	0.4279517716105255	-0.9038015717929532	0.0	0.9038015717929532	0.4279517716105255	0.0	0.0	0.0	1.0	1.8199999999999998
3.1379057988216488	6.24733233952882	0.4835383713507602	-0.8753231651404265	0.0	0.8753231651404265	0.4835383713507602	0.0	0.0	0.0	1.0	1.83
3.1382874279805355	6.2487271242908	0.5372498623843297	-0.8434231354237438	0.0	0.8434231354237438	0.5372498623843297	0.0	0.0	0.0	1.0	1.8399999999999999
3.13865436547696	6.25026970540684	0.5888765906028655	-0.8082229649298177	0.0	0.8082229649298177	0.5888765906028655	0.0	0.0	0.0	1.0	1.85
3.1390051633117584	6.251953994754537	0.6382165514104855	-0.7698568915751207	0.0	0.7698568915751207	0.6382165514104855	0.0	0.0	0.0	1.0	1.8599999999999999
3.139338437183772	6.253773345046659	0.6850761569879152	-0.7284714538859222	0.0	0.7284714538859222	0.6850761569879152	0.0	0.0	0.0	1.0	1.87
3.139652871951995	6.255720576089174	0.7292709799099085	-0.6842249906728355	0.0	0.6842249906728355	0.7292709799099085	0.0	0.0	0.0	1.0	1.88
3.1399472268245594	6.257788003139748	0.7706264705211873	-0.6372870961600099	0.0	0.6372870961600099	0.7706264705211873	0.0	0.0	0.0	1.0	1.8900000000000001
3.140220340254093	6.259967467253933	0.8089786454269883	-0.5878380314705023	0.0	0.5878380314705023	0.8089786454269883	0.0	0.0	0.0	1.0	1.9
3.140471134520174	6.262250367498601	0.8441747444122737	-0.5360680935258807	0.0	0.5360680935258807	0.8441747444122737	0.0	0.0	0.0	1.0	1.9100000000000001
3.1406986199808538	6.264627694904865	0.876073853070977	-0.4821769425899296	0.0	0.4821769425899296	0.876073853070977	0.0	0.0	0.0	1.0	1.92
3.140901898976501	6.267090068026122	0.90454748840608	-0.42637288987252997	0.0	0.42637288987252997	0.90454748840608	0.0	0.0	0.0	1.0	1.9299999999999997
3.1410801693706314	6.2696277699606355	0.9294801446550353	-0.3688721468097784	0.0	0.3688721468097784	0.9294801446550353	0.0	0.0	0.0	1.0	1.94
3.1412327277137893	6.272230786692501	0.950769796605702	-0.3098980378485028	0.0	0.3098980378485028	0.950769796605702	0.0	0.0	0.0	1.0	1.9499999999999997
3.141358972018061	6.274888846599853	0.9683283576975726	-0.2496801787862261	0.0	0.2496801787862261	0.9683283576975726	0.0	0.0	0.0	1.0	1.96
3.141458404131313	6.277591460974698	0.9820820902538241	-0.18845362294920157	0.0	0.18845362294920157	0.9820820902538241	0.0	0.0	0.0	1.0	1.9699999999999998
3.141530631701841	6.280327965394991	0.9919719652634699	-0.1264579777290841	0.0	0.1264579777290841	0.9919719652634699	0.0	0.0	0.0	1.0	1.98
3.1415753697257087	6.28308756178634	0.9979539692311444	-0.06393649424080178	0.0	0.06393649424080178	0.9979539692311444	0.0	0.0	0.0	1.0	1.9899999999999998
3.1415924416707126	6.285859361008152	0.999999355736207	-0.0011351331071529057	0.0	0.0011351331071529057	0.999999355736207	0.0	0.0	0.0	1.0	2.0
3.1415817801725567	6.288632425797034	0.9980948394937911	0.06169839038308471	0.0	-0.06169839038308471	0.9980948394937911	0.0	0.0	0.0	1.0	2.01
3.14154342730051	6.291395813898979	0.9922427308888239	0.12431557826068793	0.0	-0.12431557826068793	0.9922427308888239	0.0	0.0	0.0	1.0	2.0199999999999996
3.141477534391503	6.294138621221122	0.9824610091600587	0.18646813529447617	0.0	-0.18646813529447617	0.9824610091600587	0.0	0.0	0.0	1.0	2.0300000000000002
3.1413843614533143	6.296850024833797	0.968783332644658	0.24790896391601108	0.0	-0.24790896391601108	0.968783332644658	0.0	0.0	0.0	1.0	2.04
3.141264276139187	6.299519325654171	0.9512589847541748	0.30839316452291343	0.0	-0.30839316452291343	0.9512589847541748	0.0	0.0	0.0	1.0	2.05
3.1411177522979004	6.302135990643936	0.9299527546389357	0.3676790368506962	0.0	-0.3676790368506962	0.9299527546389357	0.0	0.0	0.0	1.0	2.0599999999999996
3.140945368104987	6.3046896943553525	0.904944751808253	0.4255290779426236	0.0	-0.4255290779426236	0.904944751808253	0.0	0.0	0.0	1.0	2.0699999999999994
3.140747803782425	6.307170359662388	0.876330154306763	0.4817109721115816	0.0	-0.4817109721115816	0.876330154306763	0.0	0.0	0.0	1.0	2.08
3.1405258389157673	6.309568197516739	0.8442188904001738	0.5359985681804563	0.0	-0.5359985681804563	0.8442188904001738	0.0	0.0	0.0	1.0	2.09
3.140280349379235	6.3118737455722185	0.8087352540940063	0.5881728392109783	0.0	-0.5881728392109783	0.8087352540940063	0.0	0.0	0.0	1.0	2.0999999999999996
3.1400123038808636	6.314077905525291	0.7700174551936416	0.6380228198874301	0.0	-0.6380228198874301	0.7700174551936416	0.0	0.0	0.0	1.0	2.1099999999999994
3.1397227601412774	6.316171979024363	0.7282171050094379	0.685346516713752	0.0	-0.685346516713752	0.7282171050094379	0.0	0.0	0.0	1.0	2.12
3.139412860721123	6.3181477020059384	0.683498639213491	0.7299517862114635	0.0	-0.7299517862114635	0.683498639213491	0.0	0.0	0.0	1.0	2.13
3.139083828513572	6.319997277321779	0.636038679760494	0.7716571763733736	0.0	-0.7716571763733736	0.636038679760494	0.0	0.0	0.0	1.0	2.1399999999999997
3.138736961919641	6.3217134055277135	0.586025338190332	0.810292726734547	0.0	-0.810292726734547	0.586025338190332	0.0	0.0	0.0	1.0	2.1499999999999995
3.1383736297253275	6.32328931371197	0.5336574630298	0.8457007225683314	0.0	-0.8457007225683314	0.5336574630298	0.0	0.0	0.0	1.0	2.16
3.13799526570074	6.324718782248378	0.47914383440134506	0.8777363989007044	0.0	-0.8777363989007044	0.47914383440134506	0.0	0.0	0.0	1.0	2.17
3.1376033629425266	6.325996169367987	0.4227023093231331	0.9062685902605753	0.0	-0.9062685902605753	0.4227023093231331	0.0	0.0	0.0	1.0	2.1799999999999997
3.1371994679818984	6.327116433451129	0.36455892154325187	0.9311803223453667	0.0	-0.9311803223453667	0.36455892154325187	0.0	0.0	0.0	1.0	2.1899999999999995
3.1367851746815134	6.328075152950976	0.304946940086762	0.9523693420788601	0.0	-0.9523693420788601	0.304946940086762	0.0	0.0	0.0	1.0	2.2
3.1363621179452936	6.328868543868914	0.24410589100422603	0.969748582869309	0.0	-0.969748582869309	0.24410589100422603	0.0	0.0	0.0	1.0	2.21
3.1359319672660306	6.32949347471189	0.1822805470899979	0.9832465622378606	0.0	-0.9832465622378606	0.1822805470899979	0.0	0.0	0.0	1.0	2.2199999999999998
3.13549642013626	6.329947478871729	0.11971989058509817	0.9928077093769428	0.0	-0.9928077093769428	0.11971989058509817	0.0	0.0	0.0	1.0	2.2299999999999995
3.1350571953484416	6.330228764376882	0.056676054089282085	0.9983926206121863	0.0	-0.9983926206121863	0.056676054089282085	0.0	0.0	0.0	1.0	2.24
3.134616026210931	6.33033622097743	-0.006596754921985291	0.9999782411755265	0.0	-0.9999782411755265	-0.006596754921985291	0.0	0.0	0.0	1.0	2.25
3.1341746537065553	6.330269424534927	-0.06984334045030766	0.9975579721473546	0.0	-0.9975579721473546	-0.06984334045030766	0.0	0.0	0.0	1.0	2.26
3.133734819620843	6.33002863869945	-0.13280860958439375	0.9911417018874042	0.0	-0.9911417018874042	-0.13280860958439375	0.0	0.0	0.0	1.0	2.2699999999999996
3.133298259667085	6.329614813867121	-0.19523866371198423	0.980755761742932	0.0	-0.980755761742932	-0.19523866371198423	0.0	0.0	0.0	1.0	2.2800000000000002
3.1328666966353977	6.329029583422285	-0.2568818836795127	0.966442806293919	0.0	-0.966442806293919	-0.2568818836795127	0.0	0.0	0.0	1.0	2.29
3.13244183359289	6.328275257279446	-0.31749000329135074	0.9482616188637281	0.0	-0.9482616188637281	-0.31749000329135074	0.0	0.0	0.0	1.0	2.3
3.1320253471618043	6.327354812750866	-0.3768191656300617	0.9262868434852479	0.0	-0.9262868434852479	-0.3768191656300617	0.0	0.0	0.0	1.0	2.3099999999999996
3.131618880902208	6.326271882776487	-0.43463095681182684	0.9006086449623032	0.0	-0.9006086449623032	-0.43463095681182684	0.0	0.0	0.0	1.0	2.3199999999999994
3.131224038825379	6.325030741563353	-0.49069341196476035	0.8713322990997074	0.0	-0.8713322990997074	-0.49069341196476035	0.0	0.0	0.0	1.0	2.33
3.130842379063517	6.323636287692082	-0.5447819884305887	0.8385777155884921	0.0	-0.8385777155884921	-0.5447819884305887	0.0	0.0	0.0	1.0	2.34
3.130475407720776	6.322094024757975	-0.5966805014393362	0.8024788964216457	0.0	-0.8024788964216457	-0.5966805014393362	0.0	0.0	0.0	1.0	2.3499999999999996
3.130124572929896	6.320410039624166	-0.6461820177890015	0.7631833330767481	0.0	-0.7631833330767481	-0.6461820177890015	0.0	0.0	0.0	1.0	2.3599999999999994
3.1297912591378845	6.318590978373642	-0.6930897033748354	0.7208513460317478	0.0	-0.7208513460317478	-0.6930897033748354	0.0	0.0	0.0	1.0	2.37
3.129476781643287	6.3166440200560245	-0.7372176207513611	0.6756553704764747	0.0	-0.6756553704764747	-0.7372176207513611	0.0	0.0	0.0	1.0	2.38
3.1291823814065856	6.314576848333652	-0.778391473271354	0.6277791923426985	0.0	-0.6277791923426985	-0.778391473271354	0.0	0.0	0.0	1.0	2.3899999999999997
3.1289092201541746	6.3123976211396915	-0.8164492927249087	0.5774171389983123	0.0	-0.5774171389983123	-0.8164492927249087	0.0	0.0	0.0	1.0	2.3999999999999995
3.128658375795195	6.310114938468769	-0.8512420677946836	0.5247732291348629	0.0	-0.5247732291348629	-0.8512420677946836	0.0	0.0	0.0	1.0	2.41
3.1284308381692716	6.3077378084277855	-0.8826343110455529	0.4700602865219974	0.0	-0.4700602865219974	-0.8826343110455529	0.0	0.0	0.0	1.0	2.42
3.1282275051418855	6.305275611681331	-0.9105045625743107	0.41349902240678066	0.0	-0.41349902240678066	-0.9105045625743107	0.0	0.0	0.0	1.0	2.4299999999999997
3.1280491790627343	6.302738064432231	-0.9347458288530892	0.35531709140111906	0.0	-0.35531709140111906	-0.9347458288530892	0.0	0.0	0.0	1.0	2.4399999999999995
3.127896563601008	6.300135180083374	-0.955265955705008	0.29574812572693954	0.0	-0.29574812572693954	-0.955265955705008	0.0	0.0	0.0	1.0	2.45
3.1277702609700095	6.297477229731966	-0.9719879347478928	0.23503075267829554	0.0	-0.23503075267829554	-0.9719879347478928	0.0	0.0	0.0	1.0	2.46
3.1276707695520254	6.2947747016517885	-0.9848501430283474	0.17340760011327008	0.0	-0.17340760011327008	-0.9848501430283474	0.0	0.0	0.0	1.0	2.4699999999999998
3.1275984819327727	6.292038259922868	-0.9938065159402931	0.11112429470919494	0.0	-0.11112429470919494	-0.9938065159402931	0.0	0.0	0.0	1.0	2.4799999999999995
3.127553683353134	6.2892787023711305	-0.9988266538764828	0.048428457604065576	0.0	-0.048428457604065576	-0.9988266538764828	0.0	0.0	0.0	1.0	2.49
3.1275365505842605	6.286506917983264	-0.9998958633954826	-0.014431298091385047	0.0	0.014431298091385047	-0.9998958633954826	0.0	0.0	0.0	1.0	2.5
3.1275471512304525	6.28373384396392	-0.9970151339980512	-0.07720636359036738	0.0	0.07720636359036738	-0.9970151339980512	0.0	0.0	0.0	1.0	2.51
3.1275854434625567	6.280970422603769	-0.9902010518937064	-0.13964912040037095	0.0	0.13964912040037095	-0.9902010518937064	0.0	0.0	0.0	1.0	2.5199999999999996
3.1276512761829247	6.278227558127594	-0.9794856523991244	-0.20151391203651856	0.0	0.20151391203651856	-0.9794856523991244	0.0	0.0	0.0	1.0	2.5300000000000002
3.1277443896212795	6.275516073691705	-0.9649162128437907	-0.2625579977665822	0.0	0.2625579977665822	-0.9649162128437907	0.0	0.0	0.0	1.0	2.54
3.127864416359164	6.272846668699396	-0.9465549880643953	-0.32254248490766674	0.0	0.32254248490766674	-0.9465549880643953	0.0	0.0	0.0	1.0	2.55
3.1280108827789426	6.270229876601966	-0.9244788907476951	-0.3812332364339596	0.0	0.3812332364339596	-0.9244788907476951	0.0	0.0	0.0	1.0	2.5599999999999996
3.1281832109316743	6.267676023351022	-0.8987791190320634	-0.4384017508997289	0.0	0.4384017508997289	-0.8987791190320634	0.0	0.0	0.0	1.0	2.5699999999999994
3.1283807208165233	6.265195186665325	-0.8695607339014595	-0.4938260119280426	0.0	0.4938260119280426	-0.8695607339014595	0.0	0.0	0.0	1.0	2.58
3.1286026330627603	6.262797156272394	-0.836942189002927	-0.5472913047609919	0.0	0.5472913047609919	-0.836942189002927	0.0	0.0	0.0	1.0	2.59
3.1288480720038194	6.260491395281384	-0.801054815591309	-0.5985909976085291	0.0	0.5985909976085291	-0.801054815591309	0.0	0.0	0.0	1.0	2.5999999999999996
3.1291160691313338	6.25828700283952	-0.7620422653543502	-0.6475272857676426	0.0	0.6475272857676426	-0.7620422653543502	0.0	0.0	0.0	1.0	2.6099999999999994
3.129405566915572	6.2561926782194135	-0.7200599138993476	-0.6939118967097078	0.0	0.6939118967097078	-0.7200599138993476	0.0	0.0	0.0	1.0	2.62
3.1297154229772515	6.254216686479225	-0.6752742276914343	-0.7375667545488591	0.0	0.7375667545488591	-0.6752742276914343	0.0	0.0	0.0	1.0	2.63
3.130044414594319	6.252366825831538	-0.6278620972253192	-0.7783246025070928	0.0	0.7783246025070928	-0.6278620972253192	0.0	0.0	0.0	1.0	2.6399999999999997
3.1303912435259553	6.25065039685027	-0.5780101391896335	-0.8160295821806833	0.0	0.8160295821806833	-0.5780101391896335	0.0	0.0	0.0	1.0	2.6499999999999995
3.130754541134809	6.249074173637854	-0.5259139703479667	-0.8505377685869324	0.0	0.8505377685869324	-0.5259139703479667	0.0	0.0	0.0	1.0	2.66
3.131132873787274	6.247644377067258	-0.471777455816223	-0.8817176601291208	0.0	0.8817176601291208	-0.471777455816223	0.0	0.0	0.0	1.0	2.67
3.1315247485105258	6.246366650205413	-0.4158119343641247	-0.9094506227609969	0.0	0.9094506227609969	-0.4158119343641247	0.0	0.0	0.0	1.0	2.6799999999999997
3.131928618884006	6.24524603601595	-0.35823542331249025	-0.9336312877598527	0.0	0.9336312877598527	-0.35823542331249025	0.0	0.0	0.0	1.0	2.6899999999999995
3.132342891142104	6.244286957430313	-0.2992718055391372	-0.9541679026300062	0.0	0.9541679026300062	-0.2992718055391372	0.0	0.0	0.0	1.0	2.7
3.1327659304639535	6.243493199866837	-0.2391500010478062	-0.9709826347565822	0.0	0.9709826347565822	-0.2391500010478062	0.0	0.0	0.0	1.0	2.71
