3.07873057969162	6.2862073898173625	1.0	0.0	0.0	-0.0	1.0	0.0	0.0	0.0	1.0	0.0
3.141592653589793	6.2862073898173625	1.0	0.0	0.0	-0.0	1.0	0.0	0.0	0.0	1.0	0.01
3.141469091003088	6.310885160977114	0.9980170604865715	0.06294399874287712	0.0	-0.06294399874287712	0.9980170604865715	0.0	0.0	0.0	1.0	0.02
3.1410991534597326	6.335466492461018	0.9920451217872442	0.1258827880932573	0.0	-0.1258827880932573	0.9920451217872442	0.0	0.0	0.0	1.0	0.03
3.140484286655545	6.359855308934176	0.9820618689716925	0.18855897091315046	0.0	-0.18855897091315046	0.9820618689716925	0.0	0.0	0.0	1.0	0.04000000000000001
3.1396268937464002	6.383956252369025	0.9680621258126105	0.2507104317079157	0.0	-0.2507104317079157	0.9680621258126105	0.0	0.0	0.0	1.0	0.05
3.1385303263876154	6.407675038895897	0.9500586027440654	0.3120715484500214	0.0	-0.3120715484500214	0.9500586027440654	0.0	0.0	0.0	1.0	0.06
3.1371988722152064	6.43091881344669	0.9280825519546871	0.3723745114226745	0.0	-0.3723745114226745	0.9280825519546871	0.0	0.0	0.0	1.0	0.07
3.1356377387952015	6.453596501359206	0.9021843148120051	0.4313507414010005	0.0	-0.4313507414010005	0.9021843148120051	0.0	0.0	0.0	1.0	0.08000000000000002
3.1338530340758886	6.4756191560320095	0.8724337474512887	0.48873239744066616	0.0	-0.48873239744066616	0.8724337474512887	0.0	0.0	0.0	1.0	0.09
3.1318517433874216	6.49690030162888	0.8389205112899958	0.5442539625367299	0.0	-0.5442539625367299	0.8389205112899958	0.0	0.0	0.0	1.0	0.1
3.129641703043711	6.517356269732206	0.8017542164489624	0.5976538934921367	0.0	-0.5976538934921367	0.8017542164489624	0.0	0.0	0.0	1.0	0.11000000000000001
3.12723157061306	6.536906528740324	0.761064407568555	0.6486763195402808	0.0	-0.6486763195402808	0.761064407568555	0.0	0.0	0.0	1.0	0.12
3.124630791936563	6.555474004699781	0.7170003832897991	0.6970727726444932	0.0	-0.6970727726444932	0.7170003832897991	0.0	0.0	0.0	1.0	0.13
3.1218495649868974	6.572985392164703	0.6697308427070209	0.7426039309934629	0.0	-0.7426039309934629	0.6697308427070209	0.0	0.0	0.0	1.0	0.14
3.1188988006746516	6.589371453587005	0.6194433543622536	0.7850413560675893	0.0	-0.7850413560675893	0.6194433543622536	0.0	0.0	0.0	1.0	0.15000000000000002
3.1157900807246826	6.604567305667876	0.5663436458076035	0.824169202805681	0.0	-0.824169202805681	0.5663436458076035	0.0	0.0	0.0	1.0	0.16000000000000003
3.112535612760985	6.618512691047261	0.5106547143679611	0.8597858818879129	0.0	-0.8597858818879129	0.5106547143679611	0.0	0.0	0.0	1.0	0.17000000000000004
3.1091481827549448	6.631152233678105	0.4526157624446857	0.8917056529968933	0.0	-0.8917056529968933	0.4526157624446857	0.0	0.0	0.0	1.0	0.18
3.1056411050084405	6.642435676229021	0.39248096345775463	0.9197601281438942	0.0	-0.9197601281438942	0.39248096345775463	0.0	0.0	0.0	1.0	0.19
3.1020281698596848	6.652318097885465	0.3305180672719183	0.9437996647630449	0.0	-0.9437996647630449	0.3305180672719183	0.0	0.0	0.0	1.0	0.2
3.0983235893157652	6.660760110976936	0.26700685663177937	0.9636946292844101	0.0	-0.9636946292844101	0.26700685663177937	0.0	0.0	0.0	1.0	0.21000000000000002
3.0945419408311294	6.66772803494683	0.20223746868071607	0.9793365132892863	0.0	-0.9793365132892863	0.20223746868071607	0.0	0.0	0.0	1.0	0.22000000000000003
3.09069810946552	6.673194046301843	0.13650859799950166	0.9906388861094695	0.0	-0.9906388861094695	0.13650859799950166	0.0	0.0	0.0	1.0	0.23000000000000004
3.0868072286677806	6.6771363033278	0.07012559971547742	0.9975381698283754	0.0	-0.9975381698283754	0.07012559971547742	0.0	0.0	0.0	1.0	0.24
3.0828846199431954	6.67953904453595	0.0033985130500239487	0.9999942250378494	0.0	-0.9999942250378494	0.0033985130500239487	0.0	0.0	0.0	1.0	0.25
3.07894573167143	6.680392660004672	-0.06335997285494167	0.997990738353729	0.0	-0.997990738353729	-0.06335997285494167	0.0	0.0	0.0	1.0	0.26
3.0750060773493697	6.679693735001902	-0.12983658789948727	0.9915354055416371	0.0	-0.9915354055416371	-0.12983658789948727	0.0	0.0	0.0	1.0	0.27
3.0710811735381554	6.677445065508498	-0.19571956116430006	0.9806599070919815	0.0	-0.9806599070919815	-0.19571956116430006	0.0	0.0	0.0	1.0	0.28
3.067186477796292	6.67365564550664	-0.26070068836015503	0.9654196761453235	0.0	-0.9654196761453235	-0.26070068836015503	0.0	0.0	0.0	1.0	0.29000000000000004
3.0633373268808217	6.668340626144594	-0.32447736290642626	0.9458934617393713	0.0	-0.9458934617393713	-0.32447736290642626	0.0	0.0	0.0	1.0	0.30000000000000004
3.059548875496224	6.661521247133603	-0.38675454757227384	0.9221826933597084	0.0	-0.9221826933597084	-0.38675454757227384	0.0	0.0	0.0	1.0	0.31000000000000005
3.0558360358659398	6.653224740968789	-0.4472466646464657	0.8944106556624937	0.0	-0.8944106556624937	-0.4472466646464657	0.0	0.0	0.0	1.0	0.32000000000000006
3.0522134183943948	6.643484210787922	-0.5056793840253383	0.8627214849369143	0.0	-0.8627214849369143	-0.5056793840253383	0.0	0.0	0.0	1.0	0.33000000000000007
3.048695273678199	6.632338482885017	-0.5617912903877857	0.8272790013317313	0.0	-0.8272790013317313	-0.5617912903877857	0.0	0.0	0.0	1.0	0.3400000000000001
3.045295436114137	6.619831935075394	-0.6153354127174644	0.7882653930344956	0.0	-0.7882653930344956	-0.6153354127174644	0.0	0.0	0.0	1.0	0.3500000000000001
3.042027269338779	6.6060143022616495	-0.6660806017846344	0.745879770422968	0.0	-0.745879770422968	-0.6660806017846344	0.0	0.0	0.0	1.0	0.36
3.0389036137204393	6.590940460673329	-0.7138127437569063	0.7003366096744031	0.0	-0.7003366096744031	-0.7138127437569063	0.0	0.0	0.0	1.0	0.37
3.03593673610896	6.574670192345291	-0.758335800809735	0.6518641063981495	0.0	-0.6518641063981495	-0.758335800809735	0.0	0.0	0.0	1.0	0.38
3.033138282032844	6.557267931460405	-0.7994726723923021	0.6007024605392515	0.0	-0.6007024605392515	-0.7994726723923021	0.0	0.0	0.0	1.0	0.39
3.0305192305168145	6.538802494211602	-0.8370658736110576	0.5471021140845254	0.0	-0.5471021140845254	-0.8370658736110576	0.0	0.0	0.0	1.0	0.4
3.0280898516763255	6.519346793838123	-0.8709780299623185	0.4913219629967285	0.0	-0.4913219629967285	-0.8709780299623185	0.0	0.0	0.0	1.0	0.41000000000000003
3.0258596672290845	6.498977542463316	-0.9010921903210747	0.4336275643249264	0.0	-0.4336275643249264	-0.9010921903210747	0.0	0.0	0.0	1.0	0.42000000000000004
3.023837414047653	6.477774941309865	-0.9273119626246632	0.3742893586160251	0.0	-0.3742893586160251	-0.9273119626246632	0.0	0.0	0.0	1.0	0.43000000000000005
3.02203101086174	6.455822360796784	-0.9495614790324496	0.3135809266165703	0.0	-0.3135809266165703	-0.9495614790324496	0.0	0.0	0.0	1.0	0.44000000000000006
3.020447528204211	6.433206011935337	-0.9677851994582655	0.2517772978437998	0.0	-0.2517772978437998	-0.9677851994582655	0.0	0.0	0.0	1.0	0.45000000000000007
3.0190931616811287	6.4100146103430875	-0.9819475642307874	0.18915332696313727	0.0	-0.18915332696313727	-0.9819475642307874	0.0	0.0	0.0	1.0	0.4600000000000001
3.0179732086334794	6.386339034091513	-0.992032508215846	0.12598215208106833	0.0	-0.12598215208106833	-0.992032508215846	0.0	0.0	0.0	1.0	0.4700000000000001
3.0170920482466026	6.362271976498138	-0.9980428500191602	0.0625337470941264	0.0	-0.0625337470941264	-0.9980428500191602	0.0	0.0	0.0	1.0	0.48
3.016453125152738	6.337907594873683	-0.9999995708712072	-0.0009264218270702249	0.0	0.0009264218270702249	-0.9999995708712072	0.0	0.0	0.0	1.0	0.49
3.016058936562478	6.313341156142921	-0.9979409984779516	-0.06413862765002952	0.0	0.06413862765002952	-0.9979409984779516	0.0	0.0	0.0	1.0	0.5
3.015911022952118	6.288668680178738	-0.9919219115086658	-0.12684999593612437	0.0	0.12684999593612437	-0.9919219115086658	0.0	0.0	0.0	1.0	0.51
3.0160099623258527	6.263986581625768	-0.982012580497472	-0.18881549656925975	0.0	0.18881549656925975	-0.982012580497472	0.0	0.0	0.0	1.0	0.52
3.0163553680642203	6.239391310945576	-0.9682977607758888	-0.2497988119995765	0.0	0.2497988119995765	-0.9682977607758888	0.0	0.0	0.0	1.0	0.53
3.0169458903630364	6.214978995391569	-0.9508756526508794	-0.30957308215632107	0.0	0.30957308215632107	-0.9508756526508794	0.0	0.0	0.0	1.0	0.54
3.0177792212599823	6.190845080619664	-0.9298568434211026	-0.3679215279688632	0.0	0.3679215279688632	-0.9298568434211026	0.0	0.0	0.0	1.0	0.55
3.0188521032388946	6.167083973660263	-0.9053632450098117	-0.4246379570708484	0.0	0.4246379570708484	-0.9053632450098117	0.0	0.0	0.0	1.0	0.56
3.0201603413943423	6.1437886880174615	-0.8775270400140099	-0.4795271567328072	0.0	0.4795271567328072	-0.8775270400140099	0.0	0.0	0.0	1.0	0.5700000000000001
3.0216988191311542	6.1210504917210615	-0.8464896478544506	-0.5324051803610181	0.0	0.5324051803610181	-0.8464896478544506	0.0	0.0	0.0	1.0	0.5799999999999998
3.0234615173649177	6.098958559233156	-0.8124007214880435	-0.5830995350072803	0.0	0.5830995350072803	-0.8124007214880435	0.0	0.0	0.0	1.0	0.5899999999999999
3.0254415371800207	6.077599628200681	-0.7754171838406535	-0.6314492782517296	0.0	0.6314492782517296	-0.7754171838406535	0.0	0.0	0.0	1.0	0.5999999999999999
3.0276311258914115	6.05705766214438	-0.7357023117602325	-0.6773050335488803	0.0	0.6773050335488803	-0.7357023117602325	0.0	0.0	0.0	1.0	0.6099999999999999
3.030021706444811	6.037413520278725	-0.693424873902246	-0.7205289336686309	0.0	0.7205289336686309	-0.693424873902246	0.0	0.0	0.0	1.0	0.6199999999999999
3.0326039100776656	6.018744635761621	-0.6487583275638906	-0.7609945022248871	0.0	0.7609945022248871	-0.6487583275638906	0.0	0.0	0.0	1.0	0.6299999999999999
3.035367612149608	6.001124703772253	-0.6018800781010456	-0.7985864834725662	0.0	0.7985864834725662	-0.6018800781010456	0.0	0.0	0.0	1.0	0.6399999999999999
3.0383019710367796	5.984623380905146	-0.5529708032103918	-0.8332006305787665	0.0	0.8332006305787665	-0.5529708032103918	0.0	0.0	0.0	1.0	0.6499999999999999
3.0413954699690797	5.969305997443566	-0.502213843054505	-0.8647434624467681	0.0	0.8647434624467681	-0.502213843054505	0.0	0.0	0.0	1.0	0.6599999999999999
3.044635961673476	5.955233284131171	-0.4497946559636559	-0.8931319989041578	0.0	0.8931319989041578	-0.4497946559636559	0.0	0.0	0.0	1.0	0.6699999999999999
3.0480107156701566	5.942461115093383	-0.3959003382760412	-0.9182934836711607	0.0	0.9182934836711607	-0.3959003382760412	0.0	0.0	0.0	1.0	0.6799999999999999
3.0515064680517163	5.931040268565835	-0.3407192057877848	-0.9401651040148966	0.0	0.9401651040148966	-0.3407192057877848	0.0	0.0	0.0	1.0	0.69
3.0551094735590962	5.921016207063842	-0.2844404332830461	-0.9586937153824224	0.0	0.9586937153824224	-0.2844404332830461	0.0	0.0	0.0	1.0	0.7
3.058805559751909	5.9124288785725705	-0.22725374770907952	-0.9738355786025575	0.0	0.9738355786025575	-0.22725374770907952	0.0	0.0	0.0	1.0	0.71
3.062580183055372	5.905312540251608	-0.1693491697558525	-0.9855561164657259	0.0	0.9855561164657259	-0.1693491697558525	0.0	0.0	0.0	1.0	0.72
3.066418486451716	5.899695606030449	-0.11091679789838672	-0.9938296956440619	0.0	0.9938296956440619	-0.11091679789838672	0.0	0.0	0.0	1.0	0.73
3.0703053585708626	5.895600519324261	-0.05214662836483899	-0.9986394390119887	0.0	0.9986394390119887	-0.05214662836483899	0.0	0.0	0.0	1.0	0.74
3.074225493923741	5.893043651924728	0.006771595993771939	-0.999977072481013	0.0	0.999977072481013	0.006771595993771939	0.0	0.0	0.0	1.0	0.75
3.0781634540120284	5.8920352299220475	0.06564851533433712	-0.9978428094817327	0.0	0.9978428094817327	0.06564851533433712	0.0	0.0	0.0	1.0	0.76
3.08210372904063	5.89257928729549	0.12429526862350618	-0.9922452752207039	0.0	0.9922452752207039	0.12429526862350618	0.0	0.0	0.0	1.0	0.77
3.086030799953984	5.894673647576273	0.18252360343986784	-0.9832014718191414	0.0	0.9832014718191414	0.18252360343986784	0.0	0.0	0.0	1.0	0.78
3.089929200514471	5.898309933743201	0.24014598765478737	-0.97073678441342	0.0	0.97073678441342	0.24014598765478737	0.0	0.0	0.0	1.0	0.79
3.09378357914082	5.903473606264427	0.2969757308100955	-0.9548850272728177	0.0	0.9548850272728177	0.2969757308100955	0.0	0.0	0.0	1.0	0.8
3.097578760226515	5.910144028953615	0.35282712284210455	-0.9356885279765711	0.0	0.9356885279765711	0.35282712284210455	0.0	0.0	0.0	1.0	0.81
3.1012998046627067	5.918294562071678	0.4075155975249646	-0.9131982466988595	0.0	0.9131982466988595	0.4075155975249646	0.0	0.0	0.0	1.0	0.8200000000000001
3.1049320692969657	5.927892681881542	0.4608579276232502	-0.8874739266856256	0.0	0.8874739266856256	0.4608579276232502	0.0	0.0	0.0	1.0	0.8300000000000001
3.1084612650681787	5.938900125658277	0.5126724582553062	-0.8585842710802833	0.0	0.8585842710802833	0.5126724582553062	0.0	0.0	0.0	1.0	0.8399999999999999
3.111873513568792	5.95127306097467	0.5627793843771084	-0.8266071403757186	0.0	0.8266071403757186	0.5627793843771084	0.0	0.0	0.0	1.0	0.8499999999999999
3.115155401798227	5.964962277926743	0.6110010776035394	-0.7916297639473352	0.0	0.7916297639473352	0.6110010776035394	0.0	0.0	0.0	1.0	0.8599999999999999
3.1182940348852752	5.97991340283732	0.6571624667931513	-0.7537489583663386	0.0	0.7537489583663386	0.6571624667931513	0.0	0.0	0.0	1.0	0.8699999999999999
3.1212770865724377	5.996067131880384	0.701091475937444	-0.7130713445145979	0.0	0.7130713445145979	0.701091475937444	0.0	0.0	0.0	1.0	0.8799999999999999
3.1240928472710623	6.0133594830052095	0.7426195219214321	-0.6697135549331399	0.0	0.6697135549331399	0.7426195219214321	0.0	0.0	0.0	1.0	0.8899999999999999
3.126730269512543	6.031722064506754	0.7815820736648155	-0.6238024223468573	0.0	0.6238024223468573	0.7815820736648155	0.0	0.0	0.0	1.0	0.8999999999999999
3.129179010637427	6.051082358586166	0.817819273019919	-0.5754751399297553	0.0	0.5754751399297553	0.817819273019919	0.0	0.0	0.0	1.0	0.9099999999999999
3.1314294725807086	6.071364018270131	0.8511766166027567	-0.5248793836194025	0.0	0.5248793836194025	0.8511766166027567	0.0	0.0	0.0	1.0	0.9199999999999999
3.133472838627705	6.092487176107036	0.8815056964778941	-0.47217338666746456	0.0	0.47217338666746456	0.8815056964778941	0.0	0.0	0.0	1.0	0.9299999999999999
3.1353011070303665	6.11436876312767	0.9086649963188861	-0.4175259566359901	0.0	0.4175259566359901	0.9086649963188861	0.0	0.0	0.0	1.0	0.94
3.136907121388605	6.136922836644011	0.9325207383386125	-0.36111642522655923	0.0	0.36111642522655923	0.9325207383386125	0.0	0.0	0.0	1.0	0.95
3.138284597714982	6.1600609155567465	0.9529477749445084	-0.303134521670348	0.0	0.303134521670348	0.9529477749445084	0.0	0.0	0.0	1.0	0.96
3.139428148113905	6.183692321945601	0.9698305177412655	-0.24378016091903157	0.0	0.24378016091903157	0.9698305177412655	0.0	0.0	0.0	1.0	0.97
3.1403333010181966	6.207724527821177	0.9830638951987858	-0.18326313856471751	0.0	0.18326313856471751	0.9830638951987858	0.0	0.0	0.0	1.0	0.98
3.140996517936608	6.232063506018088	0.9925543290486318	-0.1218027252848654	0.0	0.1218027252848654	0.9925543290486318	0.0	0.0	0.0	1.0	0.99
3.1414152066755796	6.256614084302014	0.998220718292132	-0.0596271546557456	0.0	0.0596271546557456	0.998220718292132	0.0	0.0	0.0	1.0	1.0
3.1415877310074083	6.281280301843948	0.9999954186231967	0.0030270005975510336	0.0	-0.0030270005975510336	0.9999954186231967	0.0	0.0	0.0	1.0	1.0099999999999998
3.1415134167651115	6.30596576727975	0.9978252041151828	0.06591556745180717	0.0	-0.06591556745180717	0.9978252041151828	0.0	0.0	0.0	1.0	1.02
3.1411925543518406	6.330574017619511	0.991672197220541	0.12878762851991835	0.0	-0.12878762851991835	0.991672197220541	0.0	0.0	0.0	1.0	1.0299999999999998
3.140626397659919	6.355008877297119	0.981514752510988	0.19138649535245178	0.0	-0.19138649535245178	0.981514752510988	0.0	0.0	0.0	1.0	1.04
3.139817159401618	6.379174816654765	0.9673482791700654	0.25345079756574723	0.0	-0.25345079756574723	0.9673482791700654	0.0	0.0	0.0	1.0	1.0499999999999998
3.1387680028609233	6.402977309139764	0.9491859870629018	0.31471568433019803	0.0	-0.31471568433019803	0.9491859870629018	0.0	0.0	0.0	1.0	1.06
3.137483030082933	6.426323186452668	0.9270595412709863	0.3749141327536591	0.0	-0.3749141327536591	0.9270595412709863	0.0	0.0	0.0	1.0	1.0699999999999998
3.135967266525418	6.449120990827876	0.9010196103103575	0.4337783556566322	0.0	-0.4337783556566322	0.9010196103103575	0.0	0.0	0.0	1.0	1.08
3.1342266422056264	6.471281323553243	0.8711362938632798	0.4910412991940182	0.0	-0.4910412991940182	0.8711362938632798	0.0	0.0	0.0	1.0	1.0899999999999999
3.132267969384775	6.492717188746744	0.8374994167541598	0.5464382187735795	0.0	-0.5464382187735795	0.8374994167541598	0.0	0.0	0.0	1.0	1.1
3.1300989168429822	6.513344331309947	0.800218677092513	0.5997083197958056	0.0	-0.5997083197958056	0.800218677092513	0.0	0.0	0.0	1.0	1.1099999999999999
3.1277279808087175	6.533081567874252	0.7594236379845204	0.6505964479386253	0.0	-0.6505964479386253	0.7594236379845204	0.0	0.0	0.0	1.0	1.12
3.125164452619191	6.551851109451377	0.7152635539687313	0.6988548120776015	0.0	-0.6988548120776015	0.7152635539687313	0.0	0.0	0.0	1.0	1.13
3.1224183832015275	6.569578874399318	0.6679070253413791	0.7442447215127765	0.0	-0.7442447215127765	0.6679070253413791	0.0	0.0	0.0	1.0	1.1400000000000001
3.1195005444788952	6.586194790224118	0.617541475776211	0.7865383180088172	0.0	-0.7865383180088172	0.617541475776211	0.0	0.0	0.0	1.0	1.15
3.1164223878209674	6.601633082661051	0.5643724510781868	0.8255202822850567	0.0	-0.8255202822850567	0.5643724510781868	0.0	0.0	0.0	1.0	1.1599999999999997
3.113195999673964	6.615832550420926	0.5086227394991252	0.8609894940499594	0.0	-0.8609894940499594	0.5086227394991252	0.0	0.0	0.0	1.0	1.17
3.10983405452186	6.628736823952173	0.4505313167385271	0.8927606244889215	0.0	-0.8927606244889215	0.4505313167385271	0.0	0.0	0.0	1.0	1.1799999999999997
3.1063497653468994	6.64029460656071	0.3903521215017865	0.9206656403054556	0.0	-0.9206656403054556	0.3903521215017865	0.0	0.0	0.0	1.0	1.19
3.1027568317740717	6.650459896249972	0.3283526702339289	0.9445551989959342	0.0	-0.9445551989959342	0.3283526702339289	0.0	0.0	0.0	1.0	1.1999999999999997
3.099069386100336	6.659192186694624	0.2648125223299942	0.9642999160101728	0.0	-0.9642999160101728	0.2648125223299942	0.0	0.0	0.0	1.0	1.21
3.0953019374248703	6.666456645844311	0.20002160968317395	0.9797914858069302	0.0	-0.9797914858069302	0.20002160968317395	0.0	0.0	0.0	1.0	1.2199999999999998
3.0914693141110994	6.672224270767875	0.1342784468084029	0.9909436405380091	0.0	-0.9909436405380091	0.1342784468084029	0.0	0.0	0.0	1.0	1.23
3.087586604824475	6.676472017492769	0.06788823991581512	0.9976929321595561	0.0	-0.9976929321595561	0.06788823991581512	0.0	0.0	0.0	1.0	1.2399999999999998
3.0836690984015607	6.6791829047663045	0.0011609151519109144	0.999999326137778	0.0	-0.999999326137778	0.0011609151519109144	0.0	0.0	0.0	1.0	1.25
3.079732222815783	6.680346090861904	-0.06559091226934355	0.9978465975427663	0.0	-0.9978465975427663	-0.06559091226934355	0.0	0.0	0.0	1.0	1.2599999999999998
3.075791483512875	6.679956922770381	-0.13205400519737365	0.9912425231553235	0.0	-0.9912425231553235	-0.13205400519737365	0.0	0.0	0.0	1.0	1.27
3.0718624013945055	6.678016957348677	-0.19791658437114926	0.9802188661879845	0.0	-0.9802188661879845	-0.19791658437114926	0.0	0.0	0.0	1.0	1.2799999999999998
3.067960450731652	6.674533954241056	-0.26287039708287757	0.964831153278899	0.0	-0.964831153278899	-0.26287039708287757	0.0	0.0	0.0	1.0	1.29
3.0641009972898723	6.669521840634763	-0.32661275096560044	0.9451582464892758	0.0	-0.9451582464892758	-0.32661275096560044	0.0	0.0	0.0	1.0	1.2999999999999998
3.060299236946814	6.663000648157649	-0.38884848976840286	0.9213017160544272	0.0	-0.9213017160544272	-0.38884848976840286	0.0	0.0	0.0	1.0	1.31
3.0565701350779824	6.654996422463471	-0.4492918889788856	0.8933850225394339	0.0	-0.8933850225394339	-0.4492918889788856	0.0	0.0	0.0	1.0	1.3199999999999998
3.052928366980224	6.645541106275785	-0.5076684505432588	0.8615525197705634	0.0	-0.8615525197705634	-0.5076684505432588	0.0	0.0	0.0	1.0	1.33
3.0493882595936053	6.634672396868635	-0.563716577684721	0.8259682923959163	0.0	-0.8259682923959163	-0.563716577684721	0.0	0.0	0.0	1.0	1.3399999999999999
3.0459637347716324	6.622433579146819	-0.6171891128882913	0.7868148441229132	0.0	-0.7868148441229132	-0.6171891128882913	0.0	0.0	0.0	1.0	1.35
3.0426682543373373	6.608873335647037	-0.6678547244539099	0.7442916545445019	0.0	-0.7442916545445019	-0.6678547244539099	0.0	0.0	0.0	1.0	1.3599999999999999
3.03951476714884	6.594045534910471	-0.7154991295641827	0.6986136239674239	0.0	-0.6986136239674239	-0.7154991295641827	0.0	0.0	0.0	1.0	1.37
3.036515658382999	6.578008999775989	-0.7599261445082671	0.6500094267722587	0.0	-0.6500094267722587	-0.7599261445082671	0.0	0.0	0.0	1.0	1.38
3.033682701229893	6.56082725720996	-0.8009585554881933	0.5987197945535682	0.0	-0.5987197945535682	-0.8009585554881933	0.0	0.0	0.0	1.0	1.3900000000000001
3.031027011174521	6.542568271324331	-0.8384388062461828	0.5449957506077233	0.0	-0.5449957506077233	-0.8384388062461828	0.0	0.0	0.0	1.0	1.4
3.028559003025529	6.52330416124005	-0.8722295015320691	0.4890968172633288	0.0	-0.4890968172633288	-0.8722295015320691	0.0	0.0	0.0	1.0	1.4099999999999997
3.0262883508343115	6.5031109054307406	-0.9022137281217963	0.43128921710213136	0.0	-0.43128921710213136	-0.9022137281217963	0.0	0.0	0.0	1.0	1.42
3.0242239508316775	6.482068034134515	-0.9282951976500392	0.37184408832180527	0.0	-0.37184408832180527	-0.9282951976500392	0.0	0.0	0.0	1.0	1.4299999999999997
3.0223738874937363	6.460258311353899	-0.9503982178863777	0.3110357333786546	0.0	-0.3110357333786546	-0.9503982178863777	0.0	0.0	0.0	1.0	1.44
3.0207454028338554	6.437767407879491	-0.9684675012265492	0.24913991865617188	0.0	-0.24913991865617188	-0.9684675012265492	0.0	0.0	0.0	1.0	1.4499999999999997
3.019344869003674	6.41468356667667	-0.9824678210570533	0.18643224127657199	0.0	-0.18643224127657199	-0.9824678210570533	0.0	0.0	0.0	1.0	1.46
3.0181777642732612	6.391097261871773	-0.992383528259187	0.12318657735259822	0.0	-0.12318657735259822	-0.992383528259187	0.0	0.0	0.0	1.0	1.4699999999999998
3.0172486524486724	6.367100852469309	-0.9982179414322657	0.05967362401203687	0.0	-0.05967362401203687	-0.9982179414322657	0.0	0.0	0.0	1.0	1.48
3.0165611657743705	6.342788231830252	-0.9999926254272893	-0.0038404545352170856	0.0	0.0038404545352170856	-0.9999926254272893	0.0	0.0	0.0	1.0	1.4899999999999998
3.0161179913581218	6.318254473847495	-0.9977465734912916	-0.06709526873324725	0.0	0.06709526873324725	-0.9977465734912916	0.0	0.0	0.0	1.0	1.5
3.015920861147081	6.293595476672613	-0.9915353087350177	-0.12983732718965288	0.0	0.12983732718965288	-0.9915353087350177	0.0	0.0	0.0	1.0	1.5099999999999998
3.0159705454755428	6.2689076047814485	-0.9814299207644595	-0.19182103802311926	0.0	0.19182103802311926	-0.9814299207644595	0.0	0.0	0.0	1.0	1.52
3.016266850197257	6.244287330117789	-0.9675160531770898	-0.2528095861406899	0.0	0.2528095861406899	-0.9675160531770898	0.0	0.0	0.0	1.0	1.5299999999999998
3.016808617407941	6.219830873026315	-0.9498928572374966	-0.3125756864651904	0.0	0.3125756864651904	-0.9498928572374966	0.0	0.0	0.0	1.0	1.54
3.0175937297565802	6.1956338436795875	-0.9286719264388329	-0.3709022149359411	0.0	0.3709022149359411	-0.9286719264388329	0.0	0.0	0.0	1.0	1.5499999999999998
3.0186191183369933	6.171790884718954	-0.9039762258525701	-0.427582720760958	0.0	0.427582720760958	-0.9039762258525701	0.0	0.0	0.0	1.0	1.56
3.0198807741437754	6.148395315865727	-0.8759390291975239	-0.48242182488823976	0.0	0.48242182488823976	-0.8759390291975239	0.0	0.0	0.0	1.0	1.5699999999999998
3.0213737630689086	6.125538781314808	-0.8447028754484031	-0.5352355109754955	0.0	0.5352355109754955	-0.8447028754484031	0.0	0.0	0.0	1.0	1.58
3.0230922444068478	6.1033109007961945	-0.8104185555828365	-0.5858513162629482	0.0	0.5858513162629482	-0.8104185555828365	0.0	0.0	0.0	1.0	1.5899999999999999
3.0250294928266146	6.081798925276945	-0.7732441387614045	-0.634108430689211	0.0	0.634108430689211	-0.7732441387614045	0.0	0.0	0.0	1.0	1.6
3.027177923759227	6.061087398373793	-0.7333440458743493	-0.6798577133346655	0.0	0.6798577133346655	-0.7333440458743493	0.0	0.0	0.0	1.0	1.6099999999999999
3.029529122137561	6.041257824649944	-0.6908881769958385	-0.7229616358337191	0.0	0.7229616358337191	-0.6908881769958385	0.0	0.0	0.0	1.0	1.62
3.0320738744135065	6.022388346074348	-0.646051097885084	-0.7632941627717833	0.0	0.7632941627717833	-0.646051097885084	0.0	0.0	0.0	1.0	1.63
3.034802203763955	6.004553428022531	-0.5990112892835872	-0.8007405792832124	0.0	0.8007405792832124	-0.5990112892835872	0.0	0.0	0.0	1.0	1.6400000000000001
3.0377034083829244	5.987823556290208	-0.5499504613981251	-0.8351972761018737	0.0	0.8351972761018737	-0.5499504613981251	0.0	0.0	0.0	1.0	1.65
3.040766102741991	5.972264946669184	-0.4990529346455187	-0.8665715021979985	0.0	0.8665715021979985	-0.4990529346455187	0.0	0.0	0.0	1.0	1.6600000000000001
3.043978261685389	5.957939268695107	-0.44650508648209847	-0.8947810948749496	0.0	0.8947810948749496	-0.44650508648209847	0.0	0.0	0.0	1.0	1.67
3.0473272672098406	5.9449033852140305	-0.39249486295934877	-0.9197541968104967	0.0	0.9197541968104967	-0.39249486295934877	0.0	0.0	0.0	1.0	1.6799999999999997
3.050799957762626	5.933209109426261	-0.33721135254774814	-0.9414289690215181	0.0	0.9414289690215181	-0.33721135254774814	0.0	0.0	0.0	1.0	1.69
3.0543826798748754	5.922902981048531	-0.28084441876068855	-0.9597533081219211	0.0	0.9597533081219211	-0.28084441876068855	0.0	0.0	0.0	1.0	1.6999999999999997
3.0580613419308795	5.914026063187499	-0.22358438719621188	-0.9746845755433367	0.0	0.9746845755433367	-0.22358438719621188	0.0	0.0	0.0	1.0	1.71
3.061821469858648	5.906613761437997	-0.16562178180083217	-0.9861893456092079	0.0	0.9861893456092079	-0.16562178180083217	0.0	0.0	0.0	1.0	1.7199999999999998
3.0656482645123466	5.900695666608318	-0.10714710445027183	-0.9942431785071109	0.0	0.9942431785071109	-0.10714710445027183	0.0	0.0	0.0	1.0	1.73
3.0695266605038976	5.896295422333593	-0.04835065133954237	-0.9988304233026957	0.0	0.9988304233026957	-0.04835065133954237	0.0	0.0	0.0	1.0	1.7399999999999998
3.0734413862292547	5.893430618668917	0.010577640819467791	-0.9999440551924366	0.0	0.9999440551924366	0.010577640819467791	0.0	0.0	0.0	1.0	1.75
3.077377024824884	5.892112712559683	0.06944832617922174	-0.9975855502115618	0.0	0.9975855502115618	0.06944832617922174	0.0	0.0	0.0	1.0	1.7599999999999998
3.0813180757820855	5.892346975871529	0.12807256637777695	-0.9917647996079565	0.0	0.9917647996079565	0.12807256637777695	0.0	0.0	0.0	1.0	1.77
3.0852490169410913	5.894132471431234	0.1862622402257769	-0.9825000650717918	0.0	0.9825000650717918	0.1862622402257769	0.0	0.0	0.0	1.0	1.7799999999999998
3.089154366583597	5.897462057288032	0.24383005434002164	-0.9698179749832142	0.0	0.9698179749832142	0.24383005434002164	0.0	0.0	0.0	1.0	1.79
3.0930187453414804	5.902322419158041	0.3005896625499386	-0.9537535608154311	0.0	0.9537535608154311	0.3005896625499386	0.0	0.0	0.0	1.0	1.7999999999999998
3.096826937641111	5.90869413076853	0.35635580174052683	-0.9343503318166405	0.0	0.9343503318166405	0.35635580174052683	0.0	0.0	0.0	1.0	1.81
3.1005639524066604	5.916551741579622	0.41094445152463904	-0.9116603851002376	0.0	0.9116603851002376	0.41094445152463904	0.0	0.0	0.0	1.0	1.8199999999999998
3.104215082752213	5.925863891134178	0.46417302476061095	-0.8857445473072839	0.0	0.8857445473072839	0.46417302476061095	0.0	0.0	0.0	1.0	1.83
3.1077659644010223	5.93659344907744	0.5158605954491003	-0.8566725430775167	0.0	0.8566725430775167	0.5158605954491003	0.0	0.0	0.0	1.0	1.8399999999999999
3.11120263258081	5.94869767970086	0.5658281699580568	-0.8245231846842855	0.0	0.8245231846842855	0.5658281699580568	0.0	0.0	0.0	1.0	1.85
3.114511577156271	5.962128429703386	0.6138990068387911	-0.7893845763646171	0.0	0.7893845763646171	0.6138990068387911	0.0	0.0	0.0	1.0	1.8599999999999999
3.1176797957737334	5.9768323377311035	0.659898989712788	-0.7513543261178721	0.0	0.7513543261178721	0.659898989712788	0.0	0.0	0.0	1.0	1.87
3.1206948448078116	5.992751064154489	0.7036570568314898	-0.710539757065884	0.0	0.710539757065884	0.7036570568314898	0.0	0.0	0.0	1.0	1.88
3.123544887915705	6.009821539472441	0.7450056899451536	-0.6670581098745039	0.0	0.6670581098745039	0.7450056899451536	0.0	0.0	0.0	1.0	1.8900000000000001
3.126218742021103	6.027976229693639	0.783781464067541	-0.6210367272425537	0.0	0.6210367272425537	0.783781464067541	0.0	0.0	0.0	1.0	1.9
3.1287059205662353	6.047143417037319	0.8198256585984899	-0.5726132110801778	0.0	0.5726132110801778	0.8198256585984899	0.0	0.0	0.0	1.0	1.9100000000000001
3.1309966738870862	6.067247494315157	0.852984929074761	-0.5219355427361935	0.0	0.5219355427361935	0.852984929074761	0.0	0.0	0.0	1.0	1.92
3.1330820265829966	6.088209271400675	0.8831120375720083	-0.4691621565039275	0.0	0.4691621565039275	0.8831120375720083	0.0	0.0	0.0	1.0	1.9299999999999997
3.1349538117674833	6.109946292258505	0.9100666384892862	-0.41446195664838903	0.0	0.41446195664838903	0.9100666384892862	0.0	0.0	0.0	1.0	1.94
3.136604702101974	6.132373161088906	0.9337161151269957	-0.35801426836391737	0.0	0.35801426836391737	0.9337161151269957	0.0	0.0	0.0	1.0	1.9499999999999997
3.138028237528157	6.155401876238133	0.9539364611357021	-0.30000871339994994	0.0	0.30000871339994994	0.9539364611357021	0.0	0.0	0.0	1.0	1.96
3.139218849627598	6.178942170627832	0.9706131995854267	-0.2406450015906017	0.0	0.2406450015906017	0.9706131995854267	0.0	0.0	0.0	1.0	1.9699999999999998
3.140171882549251	6.202901857561437	0.983642331103343	-0.18013263019670067	0.0	0.18013263019670067	0.983642331103343	0.0	0.0	0.0	1.0	1.98
3.1408836104563687	6.22718718086768	0.9929313012743882	-0.1186904838205242	0.0	0.1186904838205242	0.9929313012743882	0.0	0.0	0.0	1.0	1.9899999999999998
3.1413512514542523	6.251703168436188	0.9983999763183088	-0.056546328683659663	0.0	0.056546328683659663	0.9983999763183088	0.0	0.0	0.0	1.0	2.0
3.141572977969295	6.276353988283491	0.9999816149731281	0.006063803734836873	0.0	-0.006063803734836873	0.9999816149731281	0.0	0.0	0.0	1.0	2.01
3.1415479235580333	6.301043306356024	0.9976238235552931	0.06889634732638185	0.0	-0.06889634732638185	0.9976238235552931	0.0	0.0	0.0	1.0	2.0199999999999996
3.1412761861325964	6.325674645326951	0.9912894803572679	0.1317010483368215	0.0	-0.1317010483368215	0.9912894803572679	0.0	0.0	0.0	1.0	2.0300000000000002
3.1407588275961906	6.350151743673734	0.9809576149105445	0.19422192911465	0.0	-0.19422192911465	0.9809576149105445	0.0	0.0	0.0	1.0	2.04
3.1399978698893443	6.374378914332069	0.9666242272113422	0.25619836722367195	0.0	-0.25619836722367195	0.9666242272113422	0.0	0.0	0.0	1.0	2.05
3.1389962874547166	6.398261402208734	0.9483030318015314	0.3173662866090597	0.0	-0.3173662866090597	0.9483030318015314	0.0	0.0	0.0	1.0	2.0599999999999996
3.1377579961356092	6.421705739801592	0.9260261116397638	0.3774594555198477	0.0	-0.3774594555198477	0.9260261116397638	0.0	0.0	0.0	1.0	2.0699999999999994
3.136287838531087	6.444620100120945	0.8998444670054189	0.4362108838620763	0.0	-0.4362108838620763	0.8998444670054189	0.0	0.0	0.0	1.0	2.08
3.1345915658390253	6.4669146460348355	0.8698284452644734	0.493354310621473	0.0	-0.493354310621473	0.8698284452644734	0.0	0.0	0.0	1.0	2.09
3.1326758162275827	6.488501875074933	0.8360680382002937	0.5486257699925445	0.0	-0.5486257699925445	0.8360680382002937	0.0	0.0	0.0	1.0	2.0999999999999996
3.1305480897857243	6.509296958642939	0.7986730347765864	0.6017652229239886	0.0	-0.6017652229239886	0.7986730347765864	0.0	0.0	0.0	1.0	2.1099999999999994
3.128216720114519	6.529218074454423	0.7577730186502053	0.6525182389832147	0.0	-0.6525182389832147	0.7577730186502053	0.0	0.0	0.0	1.0	2.12
3.1256908426330976	6.548186730952203	0.7135172014777237	0.7006377117993275	0.0	-0.7006377117993275	0.7135172014777237	0.0	0.0	0.0	1.0	2.13
3.1229803596863497	6.566128082319943	0.666074085042946	0.745885589909205	0.0	-0.745885589909205	0.666074085042946	0.0	0.0	0.0	1.0	2.1399999999999997
3.1200959025556028	6.582971232633444	0.615630947447441	0.788034603646925	0.0	-0.788034603646925	0.615630947447441	0.0	0.0	0.0	1.0	2.1499999999999995
3.1170487904885724	6.598649527607201	0.5623931510188952	0.8268699678226549	0.0	-0.8268699678226549	0.5623931510188952	0.0	0.0	0.0	1.0	2.16
3.113850986880609	6.613100832331761	0.5065832721629071	0.862191039366985	0.0	-0.862191039366985	0.5065832721629071	0.0	0.0	0.0	1.0	2.17
3.1105150527555496	6.626267793357546	0.4484400560654097	0.8938129088998727	0.0	-0.8938129088998727	0.4484400560654097	0.0	0.0	0.0	1.0	2.1799999999999997
3.107054097711006	6.638098083466617	0.38821720189366	0.921567905340598	0.0	-0.921567905340598	0.38821720189366	0.0	0.0	0.0	1.0	2.1899999999999995
3.103481728509462	6.648544627488284	0.32618198688653866	0.9453069932200597	0.0	-0.9453069932200597	0.32618198688653866	0.0	0.0	0.0	1.0	2.2
3.0998119955127996	6.657565807559372	0.26261374041131974	0.9649010432926145	0.0	-0.9649010432926145	0.26261374041131974	0.0	0.0	0.0	1.0	2.21
3.0960593371734992	6.6651256463064215	0.19780218163288865	0.98024195836603	0.0	-0.98024195836603	0.19780218163288865	0.0	0.0	0.0	1.0	2.2199999999999998
3.0922385228104843	6.671193966535063	0.13204563683354326	0.9912436379585112	0.0	-0.9912436379585112	0.13204563683354326	0.0	0.0	0.0	1.0	2.2299999999999995
3.0883645939110473	6.67574652615018	0.06564915457871338	0.9978427674253596	0.0	-0.9978427674253596	0.06564915457871338	0.0	0.0	0.0	1.0	2.24
3.0844528042122574	6.678765127197128	-0.0010774612060459516	0.9999994195385064	0.0	-0.9999994195385064	-0.0010774612060459516	0.0	0.0	0.0	1.0	2.25
3.0805185588253945	6.680237698106205	-0.06782167864668505	0.9976974591054875	0.0	-0.9976974591054875	-0.06782167864668505	0.0	0.0	0.0	1.0	2.26
3.0765773526750966	6.680158348435712	-0.13427030306004295	0.9909447440277204	0.0	-0.9909447440277204	-0.13427030306004295	0.0	0.0	0.0	1.0	2.2699999999999996
3.0726447085307997	6.678527395638672	-0.2001115563048226	0.9797731191624222	0.0	-0.9797731191624222	-0.2001115563048226	0.0	0.0	0.0	1.0	2.2800000000000002
3.068736114911611	6.675351363619282	-0.26503714649769045	0.964238202404552	0.0	-0.964238202404552	-0.26503714649769045	0.0	0.0	0.0	1.0	2.29
3.064866964146856	6.670642953091722	-0.3287443043533324	0.9444189654783748	0.0	-0.9444189654783748	-0.3287443043533324	0.0	0.0	0.0	1.0	2.3
3.061052490873189	6.664420984000276	-0.3909377629458016	0.9204171149554599	0.0	-0.9204171149554599	-0.3909377629458016	0.0	0.0	0.0	1.0	2.3099999999999996
3.0573077112453393	6.656710310499757	-0.4513316586483987	0.8923562819309815	0.0	-0.8923562819309815	-0.4513316586483987	0.0	0.0	0.0	1.0	2.3199999999999994
3.053647363131447	6.6475417092235505	-0.5096513323662065	0.8603810315304206	0.0	-0.8603810315304206	-0.5096513323662065	0.0	0.0	0.0	1.0	2.33
3.0500858475555677	6.636951741777743	-0.5656350118965767	0.8246557059262729	0.0	-0.8246557059262729	-0.5656350118965767	0.0	0.0	0.0	1.0	2.34
3.0466371716395946	6.6249825925893076	-0.6190353582956868	0.785363116768117	0.0	-0.785363116768117	-0.6190353582956868	0.0	0.0	0.0	1.0	2.3499999999999996
3.0433148932847156	6.6116818834002435	-0.6696208614438907	0.7427031048266473	0.0	-0.7427031048266473	-0.6696208614438907	0.0	0.0	0.0	1.0	2.3599999999999994
3.0401320678188966	6.597102465834864	-0.7171770725340832	0.6968909861889752	0.0	-0.6968909861889752	-0.7171770725340832	0.0	0.0	0.0	1.0	2.37
3.037101196822072	6.581302193572253	-0.7615076638954184	0.648155905495385	0.0	-0.648155905495385	-0.7615076638954184	0.0	0.0	0.0	1.0	2.38
3.034234179325	6.5643436757290585	-0.8024353093487302	0.596739117462906	0.0	-0.596739117462906	-0.8024353093487302	0.0	0.0	0.0	1.0	2.3899999999999997
3.03154226556146	6.546294013099634	-0.8398023811074284	0.5428922182959464	0.0	-0.5428922182959464	-0.8398023811074284	0.0	0.0	0.0	1.0	2.3999999999999995
3.0290360134369143	6.527224518911822	-0.873471462028987	0.4868753485451324	0.0	-0.4868753485451324	-0.873471462028987	0.0	0.0	0.0	1.0	2.41
3.026725247860242	6.507210425739796	-0.9033256747297413	0.4289553885592972	0.0	-0.4289553885592972	-0.9033256747297413	0.0	0.0	0.0	1.0	2.42
3.024619023068918	6.486330580172986	-0.9292688316479542	0.36940416690617667	0.0	-0.36940416690617667	-0.9292688316479542	0.0	0.0	0.0	1.0	2.4299999999999997
3.0227255880623427	6.464667126776171	-0.9512254125300538	0.30849670104723825	0.0	-0.30849670104723825	-0.9512254125300538	0.0	0.0	0.0	1.0	2.4399999999999995
3.0210523552430546	6.442305182794185	-0.9691403779835851	0.24650948817811008	0.0	-0.24650948817811008	-0.9691403779835851	0.0	0.0	0.0	1.0	2.45
3.0196058723515025	6.4193325049605505	-0.9829788296551568	0.18371886253125544	0.0	-0.18371886253125544	-0.9829788296551568	0.0	0.0	0.0	1.0	2.46
3.0183917977669488	6.395839149667214	-0.9927255292287505	0.12039943362614904	0.0	-0.12039943362614904	-0.9927255292287505	0.0	0.0	0.0	1.0	2.4699999999999998
3.01741487923505	6.371917127647868	-0.9983842897825297	0.05682261799172814	0.0	-0.05682261799172814	-0.9983842897825297	0.0	0.0	0.0	1.0	2.4799999999999995
3.016678936071636	6.34766005422459	-0.9999772540824504	-0.006744725177675622	0.0	0.006744725177675622	-0.9999772540824504	0.0	0.0	0.0	1.0	2.49
3.0161868448822013	6.323162796071875	-0.9975440751270571	-0.07004154609161709	0.0	0.07004154609161709	-0.9975440751270571	0.0	0.0	0.0	1.0	2.5
3.015940528827531	6.2985211153673655	-0.9911410146955366	-0.1328137379501915	0.0	0.1328137379501915	-0.9911410146955366	0.0	0.0	0.0	1.0	2.51
3.015940950457529	6.273831312128788	-0.9808399758017793	-0.19481514794585403	0.0	0.19481514794585403	-0.9808399758017793	0.0	0.0	0.0	1.0	2.5199999999999996
3.0161881081276207	6.2491898654843405	-0.9667274848375393	-0.25580846362011794	0.0	0.25580846362011794	-0.9667274848375393	0.0	0.0	0.0	1.0	2.5300000000000002
3.0166810360047958	6.224693074591702	-0.9489036388186587	-0.3155659744597134	0.0	0.3155659744597134	-0.9489036388186587	0.0	0.0	0.0	1.0	2.54
3.0174178076632794	6.200436699909882	-0.9274810325538585	-0.3738702104378316	0.0	0.3738702104378316	-0.9274810325538585	0.0	0.0	0.0	1.0	2.55
3.018395543262745	6.176515605539165	-0.9025836797624243	-0.43051446087968004	0.0	0.43051446087968004	-0.9025836797624243	0.0	0.0	0.0	1.0	2.5599999999999996
3.0196104202946814	6.153023403376492	-0.8743459412030752	-0.48530317854070215	0.0	0.48530317854070215	-0.8743459412030752	0.0	0.0	0.0	1.0	2.5699999999999994
3.0210576878748086	6.130052099885929	-0.8429114717703143	-0.5380522751164636	0.0	0.5380522751164636	-0.8429114717703143	0.0	0.0	0.0	1.0	2.58
3.0227316845511045	6.107691746353771	-0.8084321972950776	-0.5885893155474815	0.0	0.5885893155474815	-0.8084321972950776	0.0	0.0	0.0	1.0	2.59
3.0246258595879	6.086030093582519	-0.771067330481511	-0.636753619435427	0.0	0.636753619435427	-0.771067330481511	0.0	0.0	0.0	1.0	2.5999999999999996
3.026732797676471	6.0651522520738474	-0.7309824340481104	-0.682396278648338	0.0	0.682396278648338	-0.7309824340481104	0.0	0.0	0.0	1.0	2.6099999999999994
3.0290442470115733	6.0451403588532	-0.6883485377439926	-0.7253801007649074	0.0	0.7253801007649074	-0.6883485377439926	0.0	0.0	0.0	1.0	2.62
3.0315511506612722	6.0260732521935525	-0.6433413145033677	-0.7655794883962598	0.0	0.7655794883962598	-0.6433413145033677	0.0	0.0	0.0	1.0	2.63
3.0342436811443814	6.008026155597852	-0.596140319603876	-0.8028802646363831	0.0	0.8028802646363831	-0.596140319603876	0.0	0.0	0.0	1.0	2.6399999999999997
3.0371112781156966	5.991070372493927	-0.5469282953265624	-0.8371794549385339	0.0	0.8371794549385339	-0.5469282953265624	0.0	0.0	0.0	1.0	2.6499999999999995
3.0401426890442966	5.975272993177061	-0.49589054229275015	-0.868385035606097	0.0	0.868385035606097	-0.49589054229275015	0.0	0.0	0.0	1.0	2.66
3.0433260127544584	5.960696615599492	-0.4432143573907398	-0.896415658833955	0.0	0.896415658833955	-0.4432143573907398	0.0	0.0	0.0	1.0	2.67
3.0466487456825444	5.947399081648289	-0.3890885370144378	-0.9212003638535781	0.0	0.9212003638535781	-0.3890885370144378	0.0	0.0	0.0	1.0	2.6799999999999997
3.0500978306866644	5.935433230570051	-0.33370294322725763	-0.9426782832342463	0.0	0.9426782832342463	-0.33370294322725763	0.0	0.0	0.0	1.0	2.6899999999999995
3.053659708229391	5.924846671189294	-0.2772481294452887	-0.9607983527874558	0.0	0.9607983527874558	-0.2772481294452887	0.0	0.0	0.0	1.0	2.7
3.0573203697375	5.915681574525669	-0.21991502131093077	-0.9755190328239695	0.0	0.9755190328239695	-0.21991502131093077	0.0	0.0	0.0	1.0	2.71
3.0610654129270207	5.907974488341784	-0.16189464760608344	-0.9868080477359831	0.0	0.9868080477359831	-0.16189464760608344	0.0	0.0	0.0	1.0	2.7199999999999998
