3.1315347217660854	6.286207389817356	1.0	0.0	0.0	-0.0	1.0	0.0	0.0	0.0	1.0	0.0
-3.1415795306039165	6.2829948298134095	0.9986068777369549	0.05276650202970052	0.0	-0.05276650202970052	0.9986068777369549	0.0	0.0	0.0	1.0	0.01
-3.1415286606176225	6.2791599289082285	0.9933255010849141	0.11534491273742623	0.0	-0.11534491273742623	0.9933255010849141	0.0	0.0	0.0	1.0	0.02
-3.1414395671508863	6.275352647144323	0.9841332806409983	0.17743079195783956	0.0	-0.17743079195783956	0.9841332806409983	0.0	0.0	0.0	1.0	0.03
-3.141312601592322	6.271588000732884	0.9710734521531222	0.23878096767418028	0.0	-0.23878096767418028	0.9710734521531222	0.0	0.0	0.0	1.0	0.04
-3.141148264701833	6.267880837912815	0.954204209711902	0.2991560231185135	0.0	-0.2991560231185135	0.954204209711902	0.0	0.0	0.0	1.0	0.05
-3.1409472046376985	6.264245780442365	0.933598372502887	0.3583211951028863	0.0	-0.3583211951028863	0.933598372502887	0.0	0.0	0.0	1.0	0.06
-3.140710214402802	6.26069716597465	0.9093430006564056	0.4160472414969294	0.0	-0.4160472414969294	0.9093430006564056	0.0	0.0	0.0	1.0	0.07
-3.140438228719978	6.257248991542509	0.881538963198627	0.4721112754030449	0.0	-0.4721112754030449	0.881538963198627	0.0	0.0	0.0	1.0	0.08000000000000002
-3.14013232034868	6.253914858374153	0.8503004611593769	0.5262975638858223	0.0	-0.5262975638858223	0.8503004611593769	0.0	0.0	0.0	1.0	0.09
-3.139793695857363	6.250707918256314	0.8157545089123162	0.5783982894072439	0.0	-0.5783982894072439	0.8157545089123162	0.0	0.0	0.0	1.0	0.1
-3.1394236908681212	6.247640821655943	0.7780403768138175	0.6282142724002796	0.0	-0.6282142724002796	0.7780403768138175	0.0	0.0	0.0	1.0	0.11000000000000001
-3.1390237647921886	6.24472566780508	0.7373089981711155	0.6755556536777011	0.0	-0.6755556536777011	0.7373089981711155	0.0	0.0	0.0	1.0	0.12
-3.1385954950769324	6.241973956946321	0.6937223435112072	0.7202425356179117	0.0	-0.7202425356179117	0.6937223435112072	0.0	0.0	0.0	1.0	0.13
-3.1381405709869	6.23939654492821	0.6474527650428725	0.7621055812932609	0.0	-0.7621055812932609	0.6474527650428725	0.0	0.0	0.0	1.0	0.14
-3.1376607869433237	6.237003600331133	0.5986823141085712	0.8009865709071571	0.0	-0.8009865709071571	0.5986823141085712	0.0	0.0	0.0	1.0	0.15000000000000002
-3.1371580354482576	6.234804564294663	0.5476020343144511	0.8367389150832384	0.0	-0.8367389150832384	0.5476020343144511	0.0	0.0	0.0	1.0	0.16000000000000003
-3.1366342996211674	6.232808113207018	0.4944112329088862	0.8692281247023218	0.0	-0.8692281247023218	0.4944112329088862	0.0	0.0	0.0	1.0	0.17000000000000004
-3.1360916453773577	6.231022124406239	0.43931673285645123	0.8983322371107104	0.0	-0.8983322371107104	0.43931673285645123	0.0	0.0	0.0	1.0	0.18
-3.1355322132790495	6.229453645031021	0.382532107928555	0.9239421986270225	0.0	-0.9239421986270225	0.382532107928555	0.0	0.0	0.0	1.0	0.19
-3.134958210091243	6.228108864146746	0.32427690300748857	0.9459622033548021	0.0	-0.9459622033548021	0.32427690300748857	0.0	0.0	0.0	1.0	0.2
-3.1343719000756964	6.226993088259376	0.26477584168057655	0.9643099883659519	0.0	-0.9643099883659519	0.26477584168057655	0.0	0.0	0.0	1.0	0.21000000000000002
-3.133775596057395	6.22611072031636	0.20425802308847388	0.9789170853570738	0.0	-0.9789170853570738	0.20425802308847388	0.0	0.0	0.0	1.0	0.22000000000000003
-3.133171650298837	6.225465242279753	0.1429561098890919	0.9897290288990104	0.0	-0.9897290288990104	0.1429561098890919	0.0	0.0	0.0	1.0	0.23000000000000004
-3.1325624452182037	6.225059201342403	0.08110550910861665	0.9967055214014982	0.0	-0.9967055214014982	0.08110550910861665	0.0	0.0	0.0	1.0	0.24
-3.131950383988155	6.224894199843286	0.01894354757564386	0.9998205549023531	0.0	-0.9998205549023531	0.01894354757564386	0.0	0.0	0.0	1.0	0.25
-3.131337881052446	6.224970888923091	-0.04329135642465641	0.999062489766738	0.0	-0.999062489766738	-0.04329135642465641	0.0	0.0	0.0	1.0	0.26
-3.130727352597919	6.225288965945928	-0.10536052368093458	0.9944340903497221	0.0	-0.9944340903497221	-0.10536052368093458	0.0	0.0	0.0	1.0	0.27
-3.1301212070195943	6.225847175697667	-0.16702584519807231	0.9859525176375735	0.0	-0.9859525176375735	-0.16702584519807231	0.0	0.0	0.0	1.0	0.28
-3.129521835416607	6.226643315356019	-0.22805061238292787	0.9736492788431427	0.0	-0.9736492788431427	-0.22805061238292787	0.0	0.0	0.0	1.0	0.29000000000000004
-3.1289316021566353	6.227674243212106	-0.2882003446893289	0.9575701338914827	0.0	-0.9575701338914827	-0.2882003446893289	0.0	0.0	0.0	1.0	0.30000000000000004
-3.1283528355461496	6.228935891107954	-0.347243613103983	0.9377749586966436	0.0	-0.9377749586966436	-0.347243613103983	0.0	0.0	0.0	1.0	0.31000000000000005
-3.127787818643419	6.23042328053927	-0.4049528578025939	0.9143375651024693	0.0	-0.9143375651024693	-0.4049528578025939	0.0	0.0	0.0	1.0	0.32000000000000006
-3.127238780250598	6.232130542358018	-0.46110519823608154	0.887345477342204	0.0	-0.887345477342204	-0.46110519823608154	0.0	0.0	0.0	1.0	0.33000000000000007
-3.1267078861205158	6.234050939994799	-0.5154832338219579	0.8568996648665796	0.0	-0.8568996648665796	-0.5154832338219579	0.0	0.0	0.0	1.0	0.3400000000000001
-3.126197230412895	6.236176896106913	-0.567875833317509	0.8231142314004448	0.0	-0.8231142314004448	-0.567875833317509	0.0	0.0	0.0	1.0	0.3500000000000001
-3.1257088274337415	6.238500022544335	-0.6180789108417271	0.7861160601162557	0.0	-0.7861160601162557	-0.6180789108417271	0.0	0.0	0.0	1.0	0.36
-3.125244603690476	6.241011153512693	-0.6658961863945139	0.7460444148609672	0.0	-0.7460444148609672	-0.6658961863945139	0.0	0.0	0.0	1.0	0.37
-3.124806390294138	6.243700381799766	-0.7111399285973767	0.703050497442764	0.0	-0.703050497442764	-0.7111399285973767	0.0	0.0	0.0	1.0	0.38
-3.1243959157385595	6.246557097920111	-0.7536316772528018	0.657296961077053	0.0	-0.657296961077053	-0.7536316772528018	0.0	0.0	0.0	1.0	0.39
-3.124014799084934	6.2495700320210865	-0.7932029431929875	0.6089573802081575	0.0	-0.6089573802081575	-0.7932029431929875	0.0	0.0	0.0	1.0	0.4
-3.1236645435785553	6.2527272983830064	-0.8296958827661577	0.5582156770647759	0.0	-0.5582156770647759	-0.8296958827661577	0.0	0.0	0.0	1.0	0.41000000000000003
-3.1233465307227917	6.2560164423362945	-0.8629639441937985	0.5052655054735901	0.0	-0.5052655054735901	-0.8629639441937985	0.0	0.0	0.0	1.0	0.42000000000000004
-3.123062014833547	6.259424489409402	-0.8928724829285205	0.4503095926460584	0.0	-0.4503095926460584	-0.8928724829285205	0.0	0.0	0.0	1.0	0.43000000000000005
-3.1228121180955424	6.26293799651294	-0.9192993430534379	0.39355903986761326	0.0	-0.39355903986761326	-0.9192993430534379	0.0	0.0	0.0	1.0	0.44000000000000006
-3.1225978261397813	6.266543104957943	-0.94213540169357	0.3352325832548138	0.0	-0.3352325832548138	-0.94213540169357	0.0	0.0	0.0	1.0	0.45000000000000007
-3.122419984159501	6.270225595099459	-0.9612850733612015	0.2755558160027648	0.0	-0.2755558160027648	-0.9612850733612015	0.0	0.0	0.0	1.0	0.4600000000000001
-3.12227929357979	6.273970942390742	-0.9766667711336835	0.21476037381999782	0.0	-0.21476037381999782	-0.9766667711336835	0.0	0.0	0.0	1.0	0.4700000000000001
-3.122176309293889	6.2777643746282275	-0.98821332156679	0.15308308553831815	0.0	-0.15308308553831815	-0.98821332156679	0.0	0.0	0.0	1.0	0.48
-3.122111437476959	6.2815909301632065	-0.9958723302821912	0.09076509118773857	0.0	-0.09076509118773857	-0.9958723302821912	0.0	0.0	0.0	1.0	0.49
-3.1220849339858567	6.285435516852644	-0.9996064952361966	0.0280509301380147	0.0	-0.0280509301380147	-0.9996064952361966	0.0	0.0	0.0	1.0	0.5
-3.122096903351151	6.28928297151896	-0.9993938647806108	-0.03481239777542388	0.0	0.03481239777542388	-0.9993938647806108	0.0	0.0	0.0	1.0	0.51
-3.122147298365317	6.293118119686828	-0.995228037766766	-0.09757639490631148	0.0	0.09757639490631148	-0.995228037766766	0.0	0.0	0.0	1.0	0.52
-3.122235920268713	6.296925835363997	-0.9871183031215556	-0.15999204868499212	0.0	0.15999204868499212	-0.9871183031215556	0.0	0.0	0.0	1.0	0.53
-3.122362419532618	6.300691100633054	-0.9750897165399641	-0.2218108308852668	0.0	0.2218108308852668	-0.9750897165399641	0.0	0.0	0.0	1.0	0.54
-3.122526297236262	6.304399064821665	-0.9591831121920562	-0.2827857091254106	0.0	0.2827857091254106	-0.9591831121920562	0.0	0.0	0.0	1.0	0.55
-3.122726907032503	6.308035103020356	-0.939455047632851	-0.34267216618388746	0.0	0.34267216618388746	-0.939455047632851	0.0	0.0	0.0	1.0	0.56
-3.122963457694454	6.311584873719203	-0.9159776804296568	-0.40122922245856624	0.0	0.40122922245856624	-0.9159776804296568	0.0	0.0	0.0	1.0	0.5700000000000001
-3.1232350162331373	6.315034375337915	-0.8888385753812517	-0.4582204566736705	0.0	0.4582204566736705	-0.8888385753812517	0.0	0.0	0.0	1.0	0.5799999999999998
-3.1235405115739803	6.318370001427822	-0.8581404415942194	-0.5134150197457007	0.0	0.5134150197457007	-0.8581404415942194	0.0	0.0	0.0	1.0	0.5900000000000001
-3.1238787387777895	6.321578594328986	-0.8240007991006243	-0.5665886365623056	0.0	0.5665886365623056	-0.8240007991006243	0.0	0.0	0.0	1.0	0.5999999999999999
-3.124248363789683	6.324647497071329	-0.7865515751442712	-0.6175245903104312	0.0	0.6175245903104312	-0.7865515751442712	0.0	0.0	0.0	1.0	0.6100000000000001
-3.1246479286974087	6.327564603315053	-0.745938630725902	-0.666014683915277	0.0	0.666014683915277	-0.745938630725902	0.0	0.0	0.0	1.0	0.6199999999999999
-3.1250758574784308	6.33031840513286	-0.7023212184759993	-0.7118601731227755	0.0	0.7118601731227755	-0.7023212184759993	0.0	0.0	0.0	1.0	0.6300000000000001
-3.1255304622132596	6.332898038444521	-0.6558713734124589	-0.754872665777517	0.0	0.754872665777517	-0.6558713734124589	0.0	0.0	0.0	1.0	0.6399999999999999
-3.1260099497406344	6.335293325923126	-0.6067732386336504	-0.7948749819173021	0.0	0.7948749819173021	-0.6067732386336504	0.0	0.0	0.0	1.0	0.6500000000000001
-3.1265124287284065	6.337494817201938	-0.5552223284898091	-0.8317019694255596	0.0	0.8317019694255596	-0.5552223284898091	0.0	0.0	0.0	1.0	0.6599999999999999
-3.1270359171323263	6.339493826221057	-0.5014247322612416	-0.865201270154374	0.0	0.865201270154374	-0.5014247322612416	0.0	0.0	0.0	1.0	0.6700000000000002
-3.127578350013365	6.341282465564165	-0.44559626184477863	-0.8952340316531535	0.0	0.8952340316531535	-0.44559626184477863	0.0	0.0	0.0	1.0	0.6799999999999999
-3.1281375876827773	6.342853677647252	-0.38796154740411404	-0.9216755599102133	0.0	0.9216755599102133	-0.38796154740411404	0.0	0.0	0.0	1.0	0.6900000000000002
-3.128711424142781	6.344201262633644	-0.3287530853696209	-0.9444159088346378	0.0	0.9444159088346378	-0.3287530853696209	0.0	0.0	0.0	1.0	0.7
-3.1292975957895472	6.345319902962494	-0.26821024357305695	-0.9633604025713749	0.0	0.9633604025713749	-0.26821024357305695	0.0	0.0	0.0	1.0	0.71
-3.12989379034412	6.346205184391445	-0.20657822866731024	-0.9784300871501636	0.0	0.9784300871501636	-0.20657822866731024	0.0	0.0	0.0	1.0	0.72
-3.130497655975976	6.346853613468051	-0.14410702130583425	-0.9895621084148079	0.0	0.9895621084148079	-0.14410702130583425	0.0	0.0	0.0	1.0	0.73
-3.1311068105831406	6.347262631358962	-0.08105028483655491	-0.9967100136588944	0.0	0.9967100136588944	-0.08105028483655491	0.0	0.0	0.0	1.0	0.74
-3.131718851192141	6.34743062398059	-0.017664253496820735	-0.9998439749022845	0.0	0.9998439749022845	-0.017664253496820735	0.0	0.0	0.0	1.0	0.75
-3.132331363440601	6.347356928389967	0.045793393723670965	-0.9989509322740877	0.0	0.9989509322740877	0.045793393723670965	0.0	0.0	0.0	1.0	0.76
-3.132941931104926	6.347041835409758	0.10906466725862242	-0.9940346565164446	0.0	0.9940346565164446	0.10906466725862242	0.0	0.0	0.0	1.0	0.77
-3.13354814563536	6.346486588476697	0.17189240281546875	-0.9851157301831723	0.0	0.9851157301831723	0.17189240281546875	0.0	0.0	0.0	1.0	0.78
-3.134147615660658	6.345693378718149	0.23402139252212398	-0.9722314476718011	0.0	0.9722314476718011	0.23402139252212398	0.0	0.0	0.0	1.0	0.79
-3.1347379764247383	6.3446653362769005	0.2951995050347292	-0.9554356347903562	0.0	0.9554356347903562	0.2951995050347292	0.0	0.0	0.0	1.0	0.8
-3.1353168991179694	6.3434065179195045	0.35517878836999267	-0.9347983891150133	0.0	0.9347983891150133	0.35517878836999267	0.0	0.0	0.0	1.0	0.81
-3.1358821000661568	6.341921890978655	0.413716549379579	-0.9104057429352335	0.0	0.9104057429352335	0.413716549379579	0.0	0.0	0.0	1.0	0.8200000000000001
-3.136431349740892	6.3402173136949	0.47057640399058726	-0.8823592511031363	0.0	0.8823592511031363	0.47057640399058726	0.0	0.0	0.0	1.0	0.8300000000000001
-3.1369624815556407	6.338299512037479	0.5255292925926268	-0.8507755065980058	0.0	0.8507755065980058	0.5255292925926268	0.0	0.0	0.0	1.0	0.8399999999999999
-3.137473400412817	6.336176053098279	0.5783544552548298	-0.81578558707965	0.0	0.81578558707965	0.5783544552548298	0.0	0.0	0.0	1.0	0.8500000000000001
-3.1379620909681085	6.333855315166449	0.628840361801202	-0.7775344361311166	0.0	0.7775344361311166	0.628840361801202	0.0	0.0	0.0	1.0	0.8599999999999999
-3.138426625579447	6.331346454604481	0.6767855921554463	-0.7361801832777095	0.0	0.7361801832777095	0.6767855921554463	0.0	0.0	0.0	1.0	0.8700000000000001
-3.1388651719092895	6.328659369659023	0.7219996627815662	-0.6918934072119092	0.0	0.6918934072119092	0.7219996627815662	0.0	0.0	0.0	1.0	0.8799999999999999
-3.1392760001502924	6.325804661351741	0.7643037954889609	-0.6448563469495892	0.0	0.6448563469495892	0.7643037954889609	0.0	0.0	0.0	1.0	0.8900000000000001
-3.139657489845931	6.322793591606745	0.8035316253343924	-0.5952620658898647	0.0	0.5952620658898647	0.8035316253343924	0.0	0.0	0.0	1.0	0.8999999999999999
-3.1400081362792687	6.319638038781764	0.8395298448325683	-0.5433135739473145	0.0	0.5433135739473145	0.8395298448325683	0.0	0.0	0.0	1.0	0.9100000000000001
-3.140326556404795	6.3163504507800745	0.8721587821759454	-0.48922291307068994	0.0	0.48922291307068994	0.8721587821759454	0.0	0.0	0.0	1.0	0.9199999999999999
-3.1406114943000496	6.312943795929281	0.9012929116570764	-0.433210211556364	0.0	0.433210211556364	0.9012929116570764	0.0	0.0	0.0	1.0	0.9300000000000002
-3.140861826115678	6.309431511821424	0.926821294977403	-0.37550271260859064	0.0	0.37550271260859064	0.926821294977403	0.0	0.0	0.0	1.0	0.94
-3.1410765645045333	6.305827452316391	0.9486479526094899	-0.3163337825933598	0.0	0.3163337825933598	0.9486479526094899	0.0	0.0	0.0	1.0	0.9500000000000002
-3.1412548625124908	6.302145832917358	0.9666921648498464	-0.25594190438050085	0.0	0.25594190438050085	0.9666921648498464	0.0	0.0	0.0	1.0	0.96
-3.1413960169157717	6.298401174732911	0.9808887026519867	-0.19456966107207616	0.0	0.19456966107207616	0.9808887026519867	0.0	0.0	0.0	1.0	0.97
-3.141499470991734	6.2946082472456135	0.9911879887596063	-0.13246271527749454	0.0	0.13246271527749454	0.9911879887596063	0.0	0.0	0.0	1.0	0.98
-3.1415648167123105	6.29078201011104	0.9975561900638953	-0.06986878892041717	0.0	0.06986878892041717	0.9975561900638953	0.0	0.0	0.0	1.0	0.99
-3.1415917963515367	6.286937554214815	0.9999752424835053	-0.007036648353777266	0.0	0.007036648353777266	0.9999752424835053	0.0	0.0	0.0	1.0	1.0
-3.1415803035008976	6.28309004221777	0.9984428100077879	0.055784900678880325	0.0	-0.055784900678880325	0.9984428100077879	0.0	0.0	0.0	1.0	1.0099999999999998
-3.1415303834885306	6.279254648821196	0.9929721798512905	0.11834800396025467	0.0	-0.11834800396025467	0.9929721798512905	0.0	0.0	0.0	1.0	1.02
-3.141442233200654	6.275446500985127	0.9835920959385368	0.1804067316017788	0.0	-0.1804067316017788	0.9835920959385368	0.0	0.0	0.0	1.0	1.0299999999999998
-3.1413162003059116	6.27168061833279	0.9703465331717366	0.24171802903712394	0.0	-0.24171802903712394	0.9703465331717366	0.0	0.0	0.0	1.0	1.04
-3.1411527818856664	6.267971853973647	0.9532944151298929	0.3020426428207707	0.0	-0.3020426428207707	0.9532944151298929	0.0	0.0	0.0	1.0	1.0499999999999998
-3.1409526224755755	6.264334835976036	0.9325092780058726	0.3611460181601983	0.0	-0.3611460181601983	0.9325092780058726	0.0	0.0	0.0	1.0	1.06
-3.140716511526101	6.260783909718057	0.9080788837091686	0.41879916542599577	0.0	-0.41879916542599577	0.9080788837091686	0.0	0.0	0.0	1.0	1.0699999999999998
-3.140445380291856	6.257333081342249	0.8801047851474434	0.4747794931971815	0.0	-0.4747794931971815	0.8801047851474434	0.0	0.0	0.0	1.0	1.08
-3.140140298161948	6.253995962535648	0.8487018467513406	0.5288716057048856	0.0	-0.5288716057048856	0.8487018467513406	0.0	0.0	0.0	1.0	1.0899999999999999
-3.139802468445652	6.250785716852024	0.8139977233264818	0.5808680628329506	0.0	-0.5808680628329506	0.8139977233264818	0.0	0.0	0.0	1.0	1.1
-3.139433223629902	6.2477150077875185	0.7761323003067441	0.630570101115302	0.0	-0.630570101115302	0.7761323003067441	0.0	0.0	0.0	1.0	1.1099999999999999
-3.1390340201271667	6.244795948814477	0.7352570984465213	0.677788314434531	0.0	-0.677788314434531	0.7352570984465213	0.0	0.0	0.0	1.0	1.12
-3.138606432534274	6.242040055571063	0.691534645930025	0.7223432933712579	0.0	-0.7223432933712579	0.691534645930025	0.0	0.0	0.0	1.0	1.13
-3.1381521474247145	6.239458200396237	0.6451378207959605	0.7640662223777721	0.0	-0.7640662223777721	0.6451378207959605	0.0	0.0	0.0	1.0	1.1400000000000001
-3.1376729566987747	6.237060569390859	0.5962491664797962	0.8027994341503663	0.0	-0.8027994341503663	0.5962491664797962	0.0	0.0	0.0	1.0	1.15
-3.1371707505176314	6.23485662217613	0.5450601831667271	0.8383969207518918	0.0	-0.8383969207518918	0.5450601831667271	0.0	0.0	0.0	1.0	1.1599999999999997
-3.1366475098491944	6.232855054510298	0.4917705975301618	0.870724801188543	0.0	-0.870724801188543	0.4917705975301618	0.0	0.0	0.0	1.0	1.17
-3.1361052986550373	6.231063763913536	0.43658761330652324	0.8996617452728074	0.0	-0.8996617452728074	0.43658761330652324	0.0	0.0	0.0	1.0	1.1799999999999997
-3.135546255749202	6.2294898184391645	0.3797251450310092	0.9250993537081188	0.0	-0.9250993537081188	0.3797251450310092	0.0	0.0	0.0	1.0	1.19
-3.1349725863609748	6.228139428717162	0.32140303713408536	0.94694249441082	0.0	-0.94694249441082	0.32140303713408536	0.0	0.0	0.0	1.0	1.1999999999999997
-3.134386553434942	6.227017923382872	0.2618462704779511	0.9651095951428459	0.0	-0.9651095951428459	0.2618462704779511	0.0	0.0	0.0	1.0	1.21
-3.133790468702671	6.226129727990453	0.2012841582992495	0.9795328925655139	0.0	-0.9795328925655139	0.2012841582992495	0.0	0.0	0.0	1.0	1.2199999999999998
-3.133186683561325	6.225478347496597	0.13994953342129626	0.9901586378430285	0.0	-0.9901586378430285	0.13994953342129626	0.0	0.0	0.0	1.0	1.23
-3.1325775797952558	6.22506635238574	0.07807792850881276	0.9969472589258536	0.0	-0.9969472589258536	0.07807792850881276	0.0	0.0	0.0	1.0	1.2399999999999998
-3.131965560177311	6.224895368493208	0.015906751062307545	0.9998734796316191	0.0	-0.9998734796316191	0.015906751062307545	0.0	0.0	0.0	1.0	1.25
-3.1313530389870334	6.224966070567778	-0.046325545210102924	0.9989263956173081	0.0	-0.9989263956173081	-0.046325545210102924	0.0	0.0	0.0	1.0	1.2599999999999998
-3.1307424324833035	6.22527817959991	-0.10838029104750782	0.9941095073041288	0.0	-0.9941095073041288	-0.10838029104750782	0.0	0.0	0.0	1.0	1.27
-3.1301361493691426	6.225830463926534	-0.17001943274484121	0.9854407097786871	0.0	-0.9854407097786871	-0.17001943274484121	0.0	0.0	0.0	1.0	1.2799999999999998
-3.129536581286434	6.226620744107883	-0.23100636214673417	0.9729522396539987	0.0	-0.9729522396539987	-0.23100636214673417	0.0	0.0	0.0	1.0	1.29
-3.1289460933781985	6.227645901556511	-0.29110674394279573	0.956690578834674	0.0	-0.956690578834674	-0.29110674394279573	0.0	0.0	0.0	1.0	1.2999999999999998
-3.1283670149557783	6.228901890883279	-0.3500893386466781	0.9367163150954143	0.0	-0.9367163150954143	-0.3500893386466781	0.0	0.0	0.0	1.0	1.31
-3.1278016303078613	6.230383755910084	-0.40772681958911133	0.913103959353889	0.0	-0.913103959353889	-0.40772681958911133	0.0	0.0	0.0	1.0	1.3199999999999998
-3.1272521696877016	6.232085649284173	-0.4637965821861187	0.8859417195010487	0.0	-0.8859417195010487	-0.4637965821861187	0.0	0.0	0.0	1.0	1.33
-3.126720800514166	6.234000855614412	-0.5180815436590294	0.8553312306468632	0.0	-0.8553312306468632	-0.5180815436590294	0.0	0.0	0.0	1.0	1.3399999999999999
-3.1262096188213633	6.236121818035744	-0.5703709312849345	0.8213872416498547	0.0	-0.8213872416498547	-0.5703709312849345	0.0	0.0	0.0	1.0	1.35
-3.1257206409906195	6.23844016809438	-0.6204610571468381	0.7842372578271376	0.0	-0.7842372578271376	-0.6204610571468381	0.0	0.0	0.0	1.0	1.3599999999999999
-3.1252557957974085	6.240946758833151	-0.6681560772347969	0.7440211397898641	0.0	-0.7440211397898641	-0.6681560772347969	0.0	0.0	0.0	1.0	1.37
-3.1248169168045856	6.243631700943839	-0.7132687326254109	0.7008906584189435	0.0	-0.7008906584189435	-0.7132687326254109	0.0	0.0	0.0	1.0	1.38
-3.1244057351318806	6.2464844018413554	-0.7556210703404992	0.6550090060888313	0.0	-0.6550090060888313	-0.7556210703404992	0.0	0.0	0.0	1.0	1.3900000000000001
-3.1240238726300897	6.2494936075033545	-0.7950451413597186	0.6065502643642199	0.0	-0.6065502643642199	-0.7950451413597186	0.0	0.0	0.0	1.0	1.4
-3.123672835486802	6.252647446908221	-0.8313836731399804	0.5556988285359925	0.0	-0.5556988285359925	-0.8313836731399804	0.0	0.0	0.0	1.0	1.4099999999999997
-3.123354008288759	6.255933478894573	-0.864490713880118	0.5026487895290748	0.0	-0.5026487895290748	-0.864490713880118	0.0	0.0	0.0	1.0	1.42
-3.1230686485641463	6.259338741256238	-0.8942322456662052	0.4476032739053366	0.0	-0.4476032739053366	-0.8942322456662052	0.0	0.0	0.0	1.0	1.4299999999999997
-3.122817881826206	6.262849801878364	-0.920486763544674	0.39077374289868977	0.0	-0.39077374289868977	-0.920486763544674	0.0	0.0	0.0	1.0	1.44
-3.1226026971375718	6.266452811712741	-0.9431458175005529	0.33237925165571613	0.0	-0.33237925165571613	-0.9431458175005529	0.0	0.0	0.0	1.0	1.4499999999999997
-3.1224239432126906	6.270133559383706	-0.9621145142702118	0.27264567011158414	0.0	-0.27264567011158414	-0.9621145142702118	0.0	0.0	0.0	1.0	1.46
-3.1222823250735607	6.273877527210028	-0.9773119758951035	0.2118048672056632	0.0	-0.2118048672056632	-0.9773119758951035	0.0	0.0	0.0	1.0	1.4699999999999998
-3.122178401271854	6.277669948423083	-0.9886717519282556	0.1500938604311105	0.0	-0.1500938604311105	-0.9886717519282556	0.0	0.0	0.0	1.0	1.48
-3.1221125816882687	6.281495865357312	-0.9961421822412716	0.08775393301497815	0.0	-0.08775393301497815	-0.9961421822412716	0.0	0.0	0.0	1.0	1.4899999999999998
-3.1220851259177054	6.285340188385504	-0.9996867074488047	0.02502972133620336	0.0	-0.02502972133620336	-0.9996867074488047	0.0	0.0	0.0	1.0	1.5
-3.122096142246553	6.28918775536877	-0.9992841240716828	-0.037831724495317624	0.0	0.037831724495317624	-0.9992841240716828	0.0	0.0	0.0	1.0	1.5099999999999998
-3.122145587226092	6.293023391389285	-0.9949287817006415	-0.10058190365904437	0.0	0.10058190365904437	-0.9949287817006415	0.0	0.0	0.0	1.0	1.52
-3.122233265843659	6.296831968532841	-0.9866307196008615	-0.16297184769120807	0.0	0.16297184769120807	-0.9866307196008615	0.0	0.0	0.0	1.0	1.5299999999999998
-3.1223588322909213	6.300598465488099	-0.9744157404136454	-0.22475311974281326	0.0	0.22475311974281326	-0.9744157404136454	0.0	0.0	0.0	1.0	1.54
-3.1225217913262555	6.304308026730075	-0.9583254188654347	-0.2856788258803745	0.0	0.2856788258803745	-0.9583254188654347	0.0	0.0	0.0	1.0	1.5499999999999998
-3.1227215002259197	6.3079460210568525	-0.9384170436851886	-0.34550463400821546	0.0	0.34550463400821546	-0.9384170436851886	0.0	0.0	0.0	1.0	1.56
-3.1229571713164033	6.311498099250833	-0.9147634912575874	-0.40398979574022625	0.0	0.40398979574022625	-0.9147634912575874	0.0	0.0	0.0	1.0	1.5699999999999998
-3.1232278750780775	6.314950250638928	-0.8874530298995416	-0.46089816632540787	0.0	0.46089816632540787	-0.8874530298995416	0.0	0.0	0.0	1.0	1.58
-3.1235325438080115	6.318288858330081	-0.8565890540385894	-0.5159992175394017	0.0	0.5159992175394017	-0.8565890540385894	0.0	0.0	0.0	1.0	1.5899999999999999
-3.123869975827646	6.321500752913219	-0.8222897479906663	-0.5690690382980317	0.0	0.5690690382980317	-0.8222897479906663	0.0	0.0	0.0	1.0	1.6
-3.1242388402188728	6.324573264404383	-0.7846876794778409	-0.6198913176321161	0.0	0.6198913176321161	-0.7846876794778409	0.0	0.0	0.0	1.0	1.6099999999999999
-3.124637682069969	6.3274942722381216	-0.7439293234895434	-0.6682583045891688	0.0	0.6682583045891688	-0.7439293234895434	0.0	0.0	0.0	1.0	1.62
-3.125064928210842	6.330252253105503	-0.7001745175690328	-0.7139717395996654	0.0	0.7139717395996654	-0.7001745175690328	0.0	0.0	0.0	1.0	1.63
-3.125518893415103	6.332836326449054	-0.6535958500950707	-0.7568437518659329	0.0	0.7568437518659329	-0.6535958500950707	0.0	0.0	0.0	1.0	1.6400000000000001
-3.1259977870446036	6.335236297433737	-0.604377983621762	-0.7966977174018345	0.0	0.7966977174018345	-0.604377983621762	0.0	0.0	0.0	1.0	1.65
-3.1264997201103615	6.337442697222667	-0.5527169158313782	-0.8333690724726046	0.0	0.8333690724726046	-0.5527169158313782	0.0	0.0	0.0	1.0	1.6600000000000001
-3.1270227127220815	6.339446820396471	-0.49881918114009816	-0.8667060773565177	0.0	0.8667060773565177	-0.49881918114009816	0.0	0.0	0.0	1.0	1.67
-3.1275647018969654	6.341240759366301	-0.4429009964687821	-0.8965705255733984	0.0	0.8965705255733984	-0.4429009964687821	0.0	0.0	0.0	1.0	1.6799999999999997
-3.1281235496970363	6.342817435642122	-0.38518735514454183	-0.9228383939979702	0.0	0.9228383939979702	-0.38518735514454183	0.0	0.0	0.0	1.0	1.69
-3.1286970516628965	6.34417062783023	-0.3259110733278715	-0.9454004295970437	0.0	0.9454004295970437	-0.3259110733278715	0.0	0.0	0.0	1.0	1.6999999999999997
-3.1292829455106292	6.345294996246903	-0.26531179375918384	-0.9641626688958065	0.0	0.9641626688958065	-0.26531179375918384	0.0	0.0	0.0	1.0	1.71
-3.1298789200574957	6.346186104048483	-0.20363495198233808	-0.979046886686818	0.0	0.979046886686818	-0.20363495198233808	0.0	0.0	0.0	1.0	1.7199999999999998
-3.1304826243411568	6.346840434792184	-0.14113071052625886	-0.9899909709418332	0.0	0.9899909709418332	-0.14113071052625886	0.0	0.0	0.0	1.0	1.73
-3.13109167689635	6.3472554063562345	-0.0780528668048667	-0.996949221366636	0.0	0.996949221366636	-0.0780528668048667	0.0	0.0	0.0	1.0	1.7399999999999998
-3.1317036751523264	6.347429381162715	-0.014657740726177745	-0.9998925695477511	0.0	0.9998925695477511	-0.014657740726177745	0.0	0.0	0.0	1.0	1.75
-3.1323162049138453	6.347361672661434	0.048796951819254204	-0.9988087191715687	0.0	0.9988087191715687	0.048796951819254204	0.0	0.0	0.0	1.0	1.7599999999999998
-3.132926849888201	6.347052548048416	0.11205323329520184	-0.9937022053452891	0.0	0.9937022053452891	0.11205323329520184	0.0	0.0	0.0	1.0	1.77
-3.1335332012205526	6.346503227207877	0.17485400031692366	-0.9845943726089285	0.0	0.9845943726089285	0.17485400031692366	0.0	0.0	0.0	1.0	1.7799999999999998
-3.134132866999803	6.34571587788206	0.23694415453078882	-0.9715232717921325	0.0	0.9715232717921325	0.23694415453078882	0.0	0.0	0.0	1.0	1.79
-3.1347234816973923	6.3446936070885736	0.2980717222423852	-0.9545434764322988	0.0	0.9545434764322988	0.2980717222423852	0.0	0.0	0.0	1.0	1.7999999999999998
-3.135302715501638	6.343440448820257	0.3579889565593778	-0.9337258200250906	0.0	0.9337258200250906	0.3579889565593778	0.0	0.0	0.0	1.0	1.81
-3.135868283510692	6.34196134807763	0.4164534159703002	-0.9091570559186506	0.0	0.9091570559186506	0.4164534159703002	0.0	0.0	0.0	1.0	1.8199999999999998
-3.136417954747747	6.340262141298888	0.47322901348824686	-0.8809394421825718	0.0	0.8809394421825718	0.47322901348824686	0.0	0.0	0.0	1.0	1.83
-3.136949560962852	6.338349533266887	0.5280870307458775	-0.8491902542763916	0.0	0.8491902542763916	0.5280870307458775	0.0	0.0	0.0	1.0	1.8399999999999999
-3.137461005186574	6.336231070586714	0.5808070917320772	-0.8140412288046144	0.0	0.8140412288046144	0.5808070917320772	0.0	0.0	0.0	1.0	1.85
-3.1379502700017197	6.333915111841149	0.6311780912065763	-0.7756379420714429	0.0	0.7756379420714429	0.6311780912065763	0.0	0.0	0.0	1.0	1.8599999999999999
-3.1384154255005017	6.331410794544391	0.6789990732125045	-0.7341391275341207	0.0	0.7341391275341207	0.6789990732125045	0.0	0.0	0.0	1.0	1.87
-3.1388546368957795	6.328727999027105	0.7240800555228414	-0.6897159365956675	0.0	0.6897159365956675	0.7240800555228414	0.0	0.0	0.0	1.0	1.88
-3.139266171756406	6.325877309397756	0.7662427962998786	-0.6425511474727462	0.0	0.6425511474727462	0.7662427962998786	0.0	0.0	0.0	1.0	1.8900000000000001
-3.139648406838215	6.322869971736514	0.8053214997111554	-0.5928383271204516	0.0	0.5928383271204516	0.8053214997111554	0.0	0.0	0.0	1.0	1.9
-3.139999834483795	6.319717849688643	0.8411634577252773	-0.5407809513912778	0.0	0.5407809513912778	0.8411634577252773	0.0	0.0	0.0	1.0	1.9100000000000001
-3.1403190685659377	6.316433377634136	0.8736296258003865	-0.4865914887499335	0.0	0.4865914887499335	0.8736296258003865	0.0	0.0	0.0	1.0	1.92
-3.1406048499514196	6.3130295116195025	0.9025951306711837	-0.4304904529587956	0.0	0.4304904529587956	0.9025951306711837	0.0	0.0	0.0	1.0	1.9299999999999997
-3.1408560514637265	6.30951967824596	0.9279497089312928	-0.3727054301916314	0.0	0.3727054301916314	0.9279497089312928	0.0	0.0	0.0	1.0	1.94
-3.141071682325275	6.3059177217158435	0.9495980755910867	-0.3134700860268886	0.0	0.3134700860268886	0.9495980755910867	0.0	0.0	0.0	1.0	1.9499999999999997
-3.1412508920617563	6.302237849245808	0.9674602222613977	-0.25302315771867007	0.0	0.25302315771867007	0.9674602222613977	0.0	0.0	0.0	1.0	1.96
-3.141392973853334	6.298494575061321	0.981471645066054	-0.19160743704599223	0.0	0.19160743704599223	0.981471645066054	0.0	0.0	0.0	1.0	1.9699999999999998
-3.1414973673196083	6.2947026631920995	0.9915835028164343	-0.12946874890216026	0.0	0.12946874890216026	0.9915835028164343	0.0	0.0	0.0	1.0	1.98
-3.1415636607274693	6.290877069292434	0.9977627063852104	-0.06685493060994521	0.0	0.06685493060994521	0.9977627063852104	0.0	0.0	0.0	1.0	1.9899999999999998
-3.1415915926132216	6.287032881713826	0.9999919405908015	-0.004014816738401297	0.0	0.004014816738401297	0.9999919405908015	0.0	0.0	0.0	1.0	2.0
-3.141581052812658	6.283185262060034	0.9982696202458748	0.05880276604171799	0.0	-0.05880276604171799	0.9982696202458748	0.0	0.0	0.0	1.0	2.01
-3.1415320828950595	6.279349385456449	0.9926097823302957	0.1213499897906998	0.0	-0.1213499897906998	0.9926097823302957	0.0	0.0	0.0	1.0	2.0199999999999996
-3.1414448759994276	6.275540380766723	0.9830419165195747	0.1833809978310775	0.0	-0.1833809978310775	0.9830419165195747	0.0	0.0	0.0	1.0	2.0300000000000002
-3.141319776073597	6.271773270989794	0.9696107365330628	0.2446528552864476	0.0	-0.2446528552864476	0.9696107365330628	0.0	0.0	0.0	1.0	2.04
-3.141157276519187	6.268062914069765	0.9523758949614668	0.3049264742464079	0.0	-0.3049264742464079	0.9523758949614668	0.0	0.0	0.0	1.0	2.05
-3.140958018247675	6.2644239443496765	0.9314116443908742	0.3639675104910985	0.0	-0.3639675104910985	0.9314116443908742	0.0	0.0	0.0	1.0	2.0599999999999996
-3.1407227871551924	6.260870714897907	0.9068064477610623	0.4215472290253653	0.0	-0.4215472290253653	0.9068064477610623	0.0	0.0	0.0	1.0	2.0699999999999994
-3.1404525110258787	6.257417240932803	0.8786625409806837	0.4774433359859246	0.0	-0.4774433359859246	0.8786625409806837	0.0	0.0	0.0	1.0	2.08
-3.140148255875909	6.2540771445672805	0.847095450872719	0.5314407747912698	0.0	-0.5314407747912698	0.847095450872719	0.0	0.0	0.0	1.0	2.09
-3.1398112217524656	6.25086360109028	0.8122334715424249	0.5833324846998845	0.0	-0.5833324846998845	0.8122334715424249	0.0	0.0	0.0	1.0	2.0999999999999996
-3.1394427380041017	6.247789286996462	0.774217102249614	0.6329201202238799	0.0	-0.6329201202238799	0.774217102249614	0.0	0.0	0.0	1.0	2.1099999999999994
-3.139044258040994	6.244866329969132	0.7331984498300694	0.6800147301101522	0.0	-0.6800147301101522	0.7331984498300694	0.0	0.0	0.0	1.0	2.12
-3.138617353605623	6.242106261014121	0.6893405986507077	0.7244373948464311	0.0	-0.7244373948464311	0.6893405986507077	0.0	0.0	0.0	1.0	2.13
-3.1381637085763407	6.239519968934454	0.6428169510027695	0.7660198218737575	0.0	-0.7660198218737575	0.6428169510027695	0.0	0.0	0.0	1.0	2.1399999999999997
-3.1376851123281506	6.237117657326758	0.5938105407407016	0.8046048978879233	0.0	-0.8046048978879233	0.5938105407407016	0.0	0.0	0.0	1.0	2.1499999999999995
-3.1371834526767777	6.23490880427092	0.5425133228646704	0.840047197789704	0.0	-0.840047197789704	0.5425133228646704	0.0	0.0	0.0	1.0	2.16
-3.136660708433779	6.232902124874128	0.4891254416259159	0.8722134499961879	0.0	-0.8722134499961879	0.4891254416259159	0.0	0.0	0.0	1.0	2.17
-3.1361189416020023	6.231105536819509	0.4338544796095666	0.9009829579535411	0.0	-0.9009829579535411	0.4338544796095666	0.0	0.0	0.0	1.0	2.1799999999999997
-3.1355602892421306	6.229526129057858	0.37691469012304674	0.9262479777950653	0.0	-0.9262479777950653	0.37691469012304674	0.0	0.0	0.0	1.0	2.1899999999999995
-3.134986955042398	6.228170133768661	0.3185262150927134	0.9479140521686079	0.0	-0.9479140521686079	0.3185262150927134	0.0	0.0	0.0	1.0	2.2
-3.1344012006247373	6.227042901703704	0.2589142905506155	0.9659003003150333	0.0	-0.9659003003150333	0.2589142905506155	0.0	0.0	0.0	1.0	2.21
-3.1338053366217022	6.226148881013104	0.19830844167970044	0.9801396645165263	0.0	-0.9801396645165263	0.19830844167970044	0.0	0.0	0.0	1.0	2.2199999999999998
-3.1332017135594223	6.225491599639676	0.13694166928268184	0.990579113051589	0.0	-0.990579113051589	0.13694166928268184	0.0	0.0	0.0	1.0	2.2299999999999995
-3.132592712582654	6.225073651353196	0.07504962944886799	0.9971797997951963	0.0	-0.9971797997951963	0.07504962944886799	0.0	0.0	0.0	1.0	2.24
-3.1319807360586127	6.224896685481387	0.012869808117339784	0.9999171805899842	0.0	-0.9999171805899842	0.012869808117339784	0.0	0.0	0.0	1.0	2.25
-3.131368198096781	6.2249614003794775	-0.049359307825034594	0.9987810864904448	0.0	-0.9987810864904448	-0.049359307825034594	0.0	0.0	0.0	1.0	2.26
-3.130757515022225	6.225267540664957	-0.11139906131416942	0.9937757539497138	0.0	-0.9937757539497138	-0.11139906131416942	0.0	0.0	0.0	1.0	2.2699999999999996
-3.130151095840133	6.225813898228803	-0.1730114561750329	0.9849198119807493	0.0	-0.9849198119807493	-0.1730114561750329	0.0	0.0	0.0	1.0	2.2800000000000002
-3.1295513327293443	6.226598317019073	-0.23395998691496298	0.9722462262836253	0.0	-0.9722462262836253	-0.23395998691496298	0.0	0.0	0.0	1.0	2.29
-3.128960591602495	6.227617701577322	-0.2940104656607332	0.9558022002914406	0.0	-0.9558022002914406	-0.2940104656607332	0.0	0.0	0.0	1.0	2.3
-3.128381202770156	6.228868029293082	-0.35293184462225063	0.9356490330522099	0.0	-0.9356490330522099	-0.35293184462225063	0.0	0.0	0.0	1.0	2.3099999999999996
-3.127815451745903	6.230344366326478	-0.41049703241418783	0.9118619338360087	0.0	-0.9118619338360087	-0.41049703241418783	0.0	0.0	0.0	1.0	2.3199999999999994
-3.127265570228689	6.232040887134238	-0.4664837024979558	0.8845297933386973	0.0	-0.8845297933386973	-0.4664837024979558	0.0	0.0	0.0	1.0	2.33
-3.126733727298172	6.233950897519799	-0.520675091922315	0.8537549113485021	0.0	-0.8537549113485021	-0.520675091922315	0.0	0.0	0.0	1.0	2.34
-3.126222020857771	6.236066861114084	-0.5728607884432688	0.819652680752132	0.0	-0.819652680752132	-0.5728607884432688	0.0	0.0	0.0	1.0	2.3499999999999996
-3.1257324693592516	6.238380429179851	-0.6228375039948109	0.7823512277855222	0.0	-0.7823512277855222	-0.6228375039948109	0.0	0.0	0.0	1.0	2.3599999999999994
-3.1252670038414707	6.240882473619327	-0.670409832364643	0.7419910084824555	0.0	-0.7419910084824555	-0.670409832364643	0.0	0.0	0.0	1.0	2.37
-3.1248274603146635	6.243563123052275	-0.7153909888053894	0.6987243613443339	0.0	-0.6987243613443339	-0.7153909888053894	0.0	0.0	0.0	1.0	2.38
-3.1244155725202662	6.2464118018196455	-0.7576035291858205	0.6527150163472493	0.0	-0.6527150163472493	-0.7576035291858205	0.0	0.0	0.0	1.0	2.3899999999999997
-3.1240329650947554	6.249417271756656	-0.7968800461609294	0.6041375605195849	0.0	-0.6041375605195849	-0.7968800461609294	0.0	0.0	0.0	1.0	2.3999999999999995
-3.123681147164369	6.252567676568524	-0.8330638397183895	0.5531768604647643	0.0	-0.5531768604647643	-0.8330638397183895	0.0	0.0	0.0	1.0	2.41
-3.1233615063958724	6.255850588632194	-0.8660095593449804	0.5000274423700294	0.0	-0.5000274423700294	-0.8660095593449804	0.0	0.0	0.0	1.0	2.42
-3.1230753035266923	6.259253058038262	-0.8955838149541178	0.4448928302324375	0.0	-0.4448928302324375	-0.8955838149541178	0.0	0.0	0.0	1.0	2.4299999999999997
-3.1228236673958674	6.262761663678922	-0.9216657536278576	0.38798484324725024	0.0	-0.38798484324725024	-0.9216657536278576	0.0	0.0	0.0	1.0	2.4399999999999995
-3.122607590495271	6.266362566180235	-0.9441475991576143	0.32952285353964944	0.0	-0.32952285353964944	-0.9441475991576143	0.0	0.0	0.0	1.0	2.45
-3.1224279250585067	6.270041562470211	-0.9629351513203755	0.2697330056771059	0.0	-0.2697330056771059	-0.9629351513203755	0.0	0.0	0.0	1.0	2.46
-3.122285379702777	6.273784141768258	-0.9779482418049908	0.20884739967384652	0.0	-0.20884739967384652	-0.9779482418049908	0.0	0.0	0.0	1.0	2.4699999999999998
-3.1221805166368344	6.2775755427764	-0.9891211437088775	0.14710323948860704	0.0	-0.14710323948860704	-0.9891211437088775	0.0	0.0	0.0	1.0	2.4799999999999995
-3.122113749445924	6.281400811848406	-0.9964029315621827	0.0847419493184365	0.0	-0.0847419493184365	-0.9964029315621827	0.0	0.0	0.0	1.0	2.49
-3.1220853414623613	6.285244861909372	-0.9997577889061351	0.022008260301899132	0.0	-0.022008260301899132	-0.9997577889061351	0.0	0.0	0.0	1.0	2.5
-3.1220954047280958	6.289092531895766	-0.9991652605571443	-0.040850729439927645	0.0	0.040850729439927645	-0.9991652605571443	0.0	0.0	0.0	1.0	2.51
-3.1221438995533157	6.2929286464839524	-0.9946204468294865	-0.103586518180276	0.0	0.103586518180276	-0.9946204468294865	0.0	0.0	0.0	1.0	2.5199999999999996
-3.1222306346728086	6.29673807587435	-0.9861341371681647	-0.1659501838251448	0.0	0.1659501838251448	-0.9861341371681647	0.0	0.0	0.0	1.0	2.5300000000000002
-3.1223552679994673	6.300505795398017	-0.9737328808601172	-0.22769338315343438	0.0	0.22769338315343438	-0.9737328808601172	0.0	0.0	0.0	1.0	2.54
-3.1225173079720108	6.304216944713248	-0.9574589927462099	-0.28856936290849267	0.0	0.28856936290849267	-0.9574589927462099	0.0	0.0	0.0	1.0	2.55
-3.1227161154916505	6.307856886361074	-0.9373704921476471	-0.3483339783180474	0.0	0.3483339783180474	-0.9373704921476471	0.0	0.0	0.0	1.0	2.5599999999999996
-3.1229509064401615	6.3114112634509345	-0.9135409735471232	-0.4067467143697346	0.0	0.4067467143697346	-0.9135409735471232	0.0	0.0	0.0	1.0	2.5699999999999994
-3.1232207547695094	6.3148660562508505	-0.8860594079253151	-0.46357170494653777	0.0	0.46357170494653777	-0.8860594079253151	0.0	0.0	0.0	1.0	2.58
-3.1235245961509857	6.318207637460332	-0.8550298740445403	-0.5185787447354333	0.0	0.5185787447354333	-0.8550298740445403	0.0	0.0	0.0	1.0	2.59
-3.123861232169577	6.321422825949058	-0.8205712193903656	-0.5715442886672989	0.0	0.5715442886672989	-0.8205712193903656	0.0	0.0	0.0	1.0	2.5999999999999996
-3.1242293350471644	6.324498938749865	-0.7828166509250943	-0.6222524335303311	0.0	0.6222524335303311	-0.7828166509250943	0.0	0.0	0.0	1.0	2.6099999999999994
-3.1246274528760747	6.327423841101016	-0.7419132562698285	-0.6704958763266928	0.0	0.6704958763266928	-0.7419132562698285	0.0	0.0	0.0	1.0	2.62
-3.1250540153424673	6.330185994339868	-0.6980214564098858	-0.7160768439151082	0.0	0.7160768439151082	-0.6980214564098858	0.0	0.0	0.0	1.0	2.63
-3.125507339917128	6.332774501458076	-0.6513143915062464	-0.7588079885035792	0.0	0.7588079885035792	-0.6513143915062464	0.0	0.0	0.0	1.0	2.6399999999999997
-3.1259856384893605	6.3351791501372015	-0.6019772418884005	-0.7985132436274519	0.0	0.7985132436274519	-0.6019772418884005	0.0	0.0	0.0	1.0	2.6499999999999995
-3.126487024417918	6.337390453093172	-0.5502064867952756	-0.8350286353703088	0.0	0.8350286353703088	-0.5502064867952756	0.0	0.0	0.0	1.0	2.66
-3.1270095199712533	6.339399685568258	-0.4962091039155694	-0.8682030437583756	0.0	0.8682030437583756	-0.4962091039155694	0.0	0.0	0.0	1.0	2.67
-3.127551064127792	6.341198919820281	-0.44020171325029644	-0.8978989094834139	0.0	0.8978989094834139	-0.44020171325029644	0.0	0.0	0.0	1.0	2.6799999999999997
-3.128109520705503	6.342781056470358	-0.3824096692733744	-0.9239928813828754	0.0	0.9239928813828754	-0.3824096692733744	0.0	0.0	0.0	1.0	2.6899999999999995
