3.139078170633866	6.286207389817359	1.0	0.0	0.0	-0.0	1.0	0.0	0.0	0.0	1.0	0.0
-3.1415881445725558	6.285255061664948	0.9981799086221335	0.06030646750647438	0.0	-0.06030646750647438	0.9981799086221335	0.0	0.0	0.0	1.0	0.01
-3.141573741224456	6.284266761669157	0.9924216106411914	0.12287939913729941	0.0	-0.12287939913729941	0.9924216106411914	0.0	0.0	0.0	1.0	0.020000000000000004
-3.141549489796928	6.283286093746003	0.9827465279111258	0.18495745964579746	0.0	-0.18495745964579746	0.9827465279111258	0.0	0.0	0.0	1.0	0.03
-3.1415154859919627	6.282316927850389	0.9691946588827821	0.24629598696098903	0.0	-0.24629598696098903	0.9691946588827821	0.0	0.0	0.0	1.0	0.039999999999999994
-3.1414718639968306	6.281363088550705	0.9518212312358914	0.3066534587585668	0.0	-0.3066534587585668	0.9518212312358914	0.0	0.0	0.0	1.0	0.05
-3.141418795954579	6.280428339937061	0.9306964570496301	0.36579243408696416	0.0	-0.36579243408696416	0.9306964570496301	0.0	0.0	0.0	1.0	0.06
-3.14135649128476	6.279516370768025	0.9059052305603491	0.42348047563423846	0.0	-0.42348047563423846	0.9059052305603491	0.0	0.0	0.0	1.0	0.07
-3.141285195857065	6.27863077991442	0.8775467700905525	0.47949104924246394	0.0	-0.47949104924246394	0.8775467700905525	0.0	0.0	0.0	1.0	0.08000000000000002
-3.1412051910211165	6.277775062157645	0.8457342059191526	0.5336043974128216	0.0	-0.5336043974128216	0.8457342059191526	0.0	0.0	0.0	1.0	0.09
-3.1411167924962546	6.276952594398515	0.8105941160364408	0.5856083836892202	0.0	-0.5856083836892202	0.8105941160364408	0.0	0.0	0.0	1.0	0.1
-3.1410203491256903	6.2761666223310275	0.7722660118881101	0.6352993049598225	0.0	-0.6352993049598225	0.7722660118881101	0.0	0.0	0.0	1.0	0.11000000000000001
-3.1409162414999416	6.2754202476336935	0.7309017763610758	0.6824826688731548	0.0	-0.6824826688731548	0.7309017763610758	0.0	0.0	0.0	1.0	0.12
-3.14080488045498	6.274716415728932	0.6866650563999935	0.7269739337274713	0.0	-0.7269739337274713	0.6866650563999935	0.0	0.0	0.0	1.0	0.13
-3.1406867054510164	6.274057904158889	0.6397306127675202	0.7685992083577066	0.0	-0.7685992083577066	0.6397306127675202	0.0	0.0	0.0	1.0	0.14
-3.14056218283832	6.2734473116235705	0.5902836295739111	0.8071959097127844	0.0	-0.8071959097127844	0.5902836295739111	0.0	0.0	0.0	1.0	0.15000000000000002
-3.1404318040169072	6.272887047724565	0.5385189863029127	0.8426133759864505	0.0	-0.8426133759864505	0.5385189863029127	0.0	0.0	0.0	1.0	0.16000000000000003
-3.140296083497373	6.272379323454896	0.48464049515158386	0.8747134333364428	0.0	-0.8747134333364428	0.48464049515158386	0.0	0.0	0.0	1.0	0.17000000000000004
-3.1401555568705004	6.271926142472548	0.4288601065822344	0.9033709143991048	0.0	-0.9033709143991048	0.4288601065822344	0.0	0.0	0.0	1.0	0.18
-3.1400107786936764	6.271529293192164	0.3713970860555842	0.9284741269790027	0.0	-0.9284741269790027	0.3713970860555842	0.0	0.0	0.0	1.0	0.19
-3.1398623203024423	6.271190341726176	0.31247716497617833	0.9499252714653139	0.0	-0.9499252714653139	0.31247716497617833	0.0	0.0	0.0	1.0	0.2
-3.139710767555826	6.270910625703239	0.2523316689344982	0.9676408056984425	0.0	-0.9676408056984425	0.2523316689344982	0.0	0.0	0.0	1.0	0.21000000000000002
-3.139556718524339	6.2706912489884585	0.19119662637570517	0.981551756181277	0.0	-0.981551756181277	0.19119662637570517	0.0	0.0	0.0	1.0	0.22000000000000003
-3.139400781129782	6.270533077326229	0.1293118608629658	0.9916039746996566	0.0	-0.9916039746996566	0.1293118608629658	0.0	0.0	0.0	1.0	0.23000000000000004
-3.139243570746162	6.270436734922966	0.06692007013434279	0.9977583395859013	0.0	-0.9977583395859013	0.06692007013434279	0.0	0.0	0.0	1.0	0.24
-3.1390857077711933	6.270402601983195	0.004265895176650132	0.9999909010277752	0.0	-0.9999909010277752	0.004265895176650132	0.0	0.0	0.0	1.0	0.25
-3.1389278151779685	6.270430813208787	-0.058405017442196304	0.9982929699930662	0.0	-0.9982929699930662	-0.058405017442196304	0.0	0.0	0.0	1.0	0.26
-3.138770516056466	6.2705212572672595	-0.12084695672865003	0.9926711505072684	0.0	-0.9926711505072684	-0.12084695672865003	0.0	0.0	0.0	1.0	0.27
-3.138614431154595	6.270673577231229	-0.18281508864701024	0.9831473151888205	0.0	-0.9831473151888205	-0.18281508864701024	0.0	0.0	0.0	1.0	0.28
-3.1384601764284827	6.2708871719873	-0.24406639447043169	0.9697585241131957	0.0	-0.9697585241131957	-0.24406639447043169	0.0	0.0	0.0	1.0	0.29000000000000004
-3.138308360611679	6.271161198608815	-0.3043606028444013	0.9525568872441124	0.0	-0.9525568872441124	-0.3043606028444013	0.0	0.0	0.0	1.0	0.30000000000000004
-3.138159582812871	6.271494575683067	-0.36346111231866846	0.9316093708374108	0.0	-0.9316093708374108	-0.36346111231866846	0.0	0.0	0.0	1.0	0.31000000000000005
-3.1380144301515864	6.271885987579835	-0.421135901120762	0.9069975483909556	0.0	-0.9069975483909556	-0.421135901120762	0.0	0.0	0.0	1.0	0.32000000000000006
-3.1378734754412196	6.272333889644339	-0.47715842096758804	0.878817296882417	0.0	-0.878817296882417	-0.47715842096758804	0.0	0.0	0.0	1.0	0.33000000000000007
-3.1377372749285297	6.272836514294113	-0.531308471741558	0.8471784392060802	0.0	-0.8471784392060802	-0.531308471741558	0.0	0.0	0.0	1.0	0.3400000000000001
-3.1376063660985203	6.273391877995674	-0.583373053894597	0.8122043338899958	0.0	-0.8122043338899958	-0.583373053894597	0.0	0.0	0.0	1.0	0.3500000000000001
-3.1374812655533812	6.273997789093389	-0.6331471954876975	0.7740314133457785	0.0	-0.7740314133457785	-0.6331471954876975	0.0	0.0	0.0	1.0	0.36
-3.137362466973844	6.274651856459662	-0.6804347508258853	0.73280867207513	0.0	-0.73280867207513	-0.6804347508258853	0.0	0.0	0.0	1.0	0.37
-3.1372504391710088	6.275351498932179	-0.7250491677090959	0.6886971064294864	0.0	-0.6886971064294864	-0.7250491677090959	0.0	0.0	0.0	1.0	0.38
-3.137145624236323	6.276093955500985	-0.7668142203890868	0.6418691076918076	0.0	-0.6418691076918076	-0.7668142203890868	0.0	0.0	0.0	1.0	0.39
-3.137048435797016	6.27687629620514	-0.8055647054016507	0.5925078104220668	0.0	-0.5925078104220668	-0.8055647054016507	0.0	0.0	0.0	1.0	0.4
-3.1369592573838676	6.277695433695891	-0.8411470975326586	0.5408063981799626	0.0	-0.5408063981799626	-0.8411470975326586	0.0	0.0	0.0	1.0	0.41000000000000003
-3.1368784409177515	6.278548135420755	-0.873420163276346	0.4869673689091715	0.0	-0.4869673689091715	-0.873420163276346	0.0	0.0	0.0	1.0	0.42000000000000004
-3.1368063053209276	6.279431036380359	-0.9022555292552902	0.4312017624363986	0.0	-0.4312017624363986	-0.9022555292552902	0.0	0.0	0.0	1.0	0.43000000000000005
-3.1367431352585537	6.28034065240772	-0.9275382031941176	0.3737283527047793	0.0	-0.3737283527047793	-0.9275382031941176	0.0	0.0	0.0	1.0	0.44000000000000006
-3.136689180015388	6.281273393917536	-0.9491670451735689	0.3147728075238969	0.0	-0.3147728075238969	-0.9491670451735689	0.0	0.0	0.0	1.0	0.45000000000000007
-3.1366446525121074	6.282225580071258	-0.9670551870383765	0.25456681877686027	0.0	-0.25456681877686027	-0.9670551870383765	0.0	0.0	0.0	1.0	0.4600000000000001
-3.136609728465122	6.283193453302055	-0.9811303979917128	0.1933472061774452	0.0	-0.1933472061774452	-0.9811303979917128	0.0	0.0	0.0	1.0	0.4700000000000001
-3.136584545693204	6.284173194142343	-0.9913353945808344	0.13135499781607668	0.0	-0.13135499781607668	-0.9913353945808344	0.0	0.0	0.0	1.0	0.48
-3.1365692035736585	6.285160936295447	-0.9976280934629385	0.06883449087123789	0.0	-0.06883449087123789	-0.9976280934629385	0.0	0.0	0.0	1.0	0.49
-3.136563762650186	6.286152781891919	-0.9999818055370164	0.0060322959914718395	0.0	-0.0060322959914718395	-0.9999818055370164	0.0	0.0	0.0	1.0	0.5
-3.1365682443939784	6.287144816870358	-0.998385370236334	-0.05680363102882027	0.0	0.05680363102882027	-0.998385370236334	0.0	0.0	0.0	1.0	0.51
-3.1365826311189973	6.2881331264220774	-0.9928432289966301	-0.11942496655032077	0.0	0.11942496655032077	-0.9928432289966301	0.0	0.0	0.0	1.0	0.52
-3.13660686605176	6.289113810438732	-0.9833754371466198	-0.1815840015438986	0.0	0.1815840015438986	-0.9833754371466198	0.0	0.0	0.0	1.0	0.53
-3.1366408535553667	6.290082998901953	-0.9700176137091503	-0.24303462529854836	0.0	0.24303462529854836	-0.9700176137091503	0.0	0.0	0.0	1.0	0.54
-3.1366844595068772	6.291036867154354	-0.9528208288524823	-0.3035333064177118	0.0	0.3035333064177118	-0.9528208288524823	0.0	0.0	0.0	1.0	0.55
-3.1367375118265564	6.291971650991644	-0.9318514289905923	-0.36284006709319067	0.0	0.36284006709319067	-0.9318514289905923	0.0	0.0	0.0	1.0	0.56
-3.1367998011568954	6.292883661516341	-0.907190799797899	-0.42071944661739674	0.0	0.42071944661739674	-0.907190799797899	0.0	0.0	0.0	1.0	0.5700000000000001
-3.1368710816887386	6.2937692996945245	-0.8789350676760632	-0.47694145008509614	0.0	0.47694145008509614	-0.8789350676760632	0.0	0.0	0.0	1.0	0.5799999999999998
-3.136951072131246	6.294625070558143	-0.8471947404870023	-0.5312824782459526	0.0	0.5312824782459526	-0.8471947404870023	0.0	0.0	0.0	1.0	0.5900000000000001
-3.1370394568218782	6.295447596996934	-0.8120942886453988	-0.583526234499807	0.0	0.583526234499807	-0.8120942886453988	0.0	0.0	0.0	1.0	0.5999999999999999
-3.137135886972017	6.296233633085457	-0.773771667944044	-0.6334646050783677	0.0	0.6334646050783677	-0.773771667944044	0.0	0.0	0.0	1.0	0.6100000000000001
-3.1372399820433183	6.29698007689269	-0.7323777857645756	-0.6808985085301462	0.0	0.6808985085301462	-0.7323777857645756	0.0	0.0	0.0	1.0	0.6199999999999999
-3.137351331249352	6.297683982723618	-0.6880759126025954	-0.7256387107204973	0.0	0.7256387107204973	-0.6880759126025954	0.0	0.0	0.0	1.0	0.6300000000000001
-3.137469495176628	6.298342572744495	-0.6410410411079733	-0.7675066016753249	0.0	0.7675066016753249	-0.6410410411079733	0.0	0.0	0.0	1.0	0.6399999999999999
-3.1375940075185897	6.298953247945858	-0.5914591951062521	-0.8063349307355254	0.0	0.8063349307355254	-0.5914591951062521	0.0	0.0	0.0	1.0	0.6500000000000001
-3.137724376915751	6.29951359840002	-0.5395266913236683	-0.8419684966489752	0.0	0.8419684966489752	-0.5395266913236683	0.0	0.0	0.0	1.0	0.6599999999999999
-3.1378600888947106	6.300021412772503	-0.4854493567842399	-0.8742647894075158	0.0	0.8742647894075158	-0.4854493567842399	0.0	0.0	0.0	1.0	0.6700000000000002
-3.1380006078983884	6.300474687049865	-0.42944170508095	-0.9030945808370053	0.0	0.9030945808370053	-0.42944170508095	0.0	0.0	0.0	1.0	0.6799999999999999
-3.138145379399481	6.3008716324493905	-0.371726074942146	-0.9283424611683483	0.0	0.9283424611683483	-0.371726074942146	0.0	0.0	0.0	1.0	0.6900000000000002
-3.1382938320887916	6.301210682479428	-0.31253173471740153	-0.9499073190551445	0.0	0.9499073190551445	-0.31253173471740153	0.0	0.0	0.0	1.0	0.7
-3.138445380129796	6.301490499122429	-0.25209395659224715	-0.9677027627581035	0.0	0.9677027627581035	-0.25209395659224715	0.0	0.0	0.0	1.0	0.71
-3.138599425470552	6.301709978116275	-0.19065306450713584	-0.9816574804859575	0.0	0.9816574804859575	-0.19065306450713584	0.0	0.0	0.0	1.0	0.72
-3.138755360203823	6.301868253312993	-0.12845345990107807	-0.9917155381657798	0.0	0.9917155381657798	-0.12845345990107807	0.0	0.0	0.0	1.0	0.73
-3.1389125689661053	6.301964700097625	-0.06574262952353291	-0.9978366132104652	0.0	0.9978366132104652	-0.06574262952353291	0.0	0.0	0.0	1.0	0.74
-3.1390704313660827	6.301998937853737	-0.0027701396581786032	-0.9999961631557766	0.0	0.9999961631557766	-0.0027701396581786032	0.0	0.0	0.0	1.0	0.75
-3.139228324432932	6.301970831465816	0.06021337882170984	-0.9981855283517556	0.0	0.9981855283517556	0.06021337882170984	0.0	0.0	0.0	1.0	0.76
-3.139385625074805	6.301880491852612	0.1229572500950489	-0.9924119682113188	0.0	0.9924119682113188	0.1229572500950489	0.0	0.0	0.0	1.0	0.77
-3.139541712537794	6.301728275529307	0.1852117732342394	-0.9826986308403145	0.0	0.9826986308403145	0.1852117732342394	0.0	0.0	0.0	1.0	0.78
-3.1396959708556635	6.30151478320025	0.24672923774716268	-0.9690844561960037	0.0	0.9690844561960037	0.24672923774716268	0.0	0.0	0.0	1.0	0.79
-3.1398477912806895	6.301240857387831	0.3072649303452456	-0.951624013242589	0.0	0.951624013242589	0.3072649303452456	0.0	0.0	0.0	1.0	0.8
-3.139996574685999	6.300907579106861	0.36657812851221366	-0.9303872718908417	0.0	0.9303872718908417	0.36657812851221366	0.0	0.0	0.0	1.0	0.81
-3.140141733929939	6.300516263597618	0.4244330765220751	-0.9054593108218648	0.0	0.9054593108218648	0.4244330765220751	0.0	0.0	0.0	1.0	0.8200000000000001
-3.1402826961731374	6.300068455134411	0.4805999396528005	-0.8769399626004762	0.0	0.8769399626004762	0.4805999396528005	0.0	0.0	0.0	1.0	0.8300000000000001
-3.1404189051391085	6.299565920930224	0.5348557324632557	-0.8449433977795167	0.0	0.8449433977795167	0.5348557324632557	0.0	0.0	0.0	1.0	0.8399999999999999
-3.1405498233094886	6.299010644161515	0.5869852171441484	-0.8095976499806783	0.0	0.8095976499806783	0.5869852171441484	0.0	0.0	0.0	1.0	0.8500000000000001
-3.1406749340452276	6.298404816140735	0.636781768117816	-0.7710440842083855	0.0	0.7710440842083855	0.636781768117816	0.0	0.0	0.0	1.0	0.8599999999999999
-3.1407937436253777	6.2977508276675245	0.6840481992452877	-0.7294368109091282	0.0	0.7294368109091282	0.6840481992452877	0.0	0.0	0.0	1.0	0.8700000000000001
-3.1409057831954277	6.297051259592751	0.7285975502005295	-0.6849420485280394	0.0	0.6849420485280394	0.7285975502005295	0.0	0.0	0.0	1.0	0.8799999999999999
-3.1410106106174918	6.296308872632653	0.7702538287896394	-0.6377374375359353	0.0	0.6377374375359353	0.7702538287896394	0.0	0.0	0.0	1.0	0.8900000000000001
-3.141107812215063	6.295526596473366	0.8088527062250223	-0.588011309102519	0.0	0.588011309102519	0.8088527062250223	0.0	0.0	0.0	1.0	0.8999999999999999
-3.1411970044054343	6.294707518208819	0.8442421626095932	-0.5359619117738471	0.0	0.5359619117738471	0.8442421626095932	0.0	0.0	0.0	1.0	0.9100000000000001
-3.141277835213363	6.293854870157667	0.8762830801417206	-0.4817965996739068	0.0	0.4817965996739068	0.8762830801417206	0.0	0.0	0.0	1.0	0.9199999999999999
-3.141349985659993	6.292972017107375	0.9048497818161406	-0.4257309858904831	0.0	0.4257309858904831	0.9048497818161406	0.0	0.0	0.0	1.0	0.9300000000000002
-3.1414131710215654	6.292062443035776	0.9298305136673405	-0.36798806482429536	0.0	0.36798806482429536	0.9298305136673405	0.0	0.0	0.0	1.0	0.94
-3.1414671419529467	6.291129737362519	0.9511278688780872	-0.3087973073772311	0.0	0.3087973073772311	0.9511278688780872	0.0	0.0	0.0	1.0	0.9500000000000002
-3.141511685471551	6.29017758078466	0.9686591523548056	-0.24839373293074368	0.0	0.24839373293074368	0.9686591523548056	0.0	0.0	0.0	1.0	0.96
-3.1415466257977664	6.289209730752263	0.9823566846516465	-0.18701696211901686	0.0	0.18701696211901686	0.9823566846516465	0.0	0.0	0.0	1.0	0.97
-3.14157182504858	6.2882300066413155	0.992168044404378	-0.12491025443410313	0.0	0.12491025443410313	0.992168044404378	0.0	0.0	0.0	1.0	0.98
-3.1415871837816565	6.287242274682442	0.9980562487120995	-0.062319534712093574	0.0	0.062319534712093574	0.9980562487120995	0.0	0.0	0.0	1.0	0.99
-3.141592641387734	6.286250432704837	0.9999998711774779	0.0005075874584096538	0.0	-0.0005075874584096538	0.9999998711774779	0.0	0.0	0.0	1.0	1.0
-3.1415881763297877	6.2852583947556155	0.997993097583336	0.06332280139111263	0.0	-0.06332280139111263	0.997993097583336	0.0	0.0	0.0	1.0	1.0099999999999998
-3.1415738062280094	6.28427007565519	0.9920457194435682	0.12587807805052148	0.0	-0.12587807805052148	0.9920457194435682	0.0	0.0	0.0	1.0	1.02
-3.1415495877902817	6.283289375549612	0.9821830659183047	0.18792664798617337	0.0	-0.18792664798617337	0.9821830659183047	0.0	0.0	0.0	1.0	1.0299999999999998
-3.1415156165884124	6.282320164520771	0.9684458748259208	0.24922397062212323	0.0	-0.24922397062212323	0.9684458748259208	0.0	0.0	0.0	1.0	1.04
-3.1414720266810106	6.281366267315151	0.9508901037169742	0.3095286911630682	0.0	-0.3095286911630682	0.9508901037169742	0.0	0.0	0.0	1.0	1.0499999999999998
-3.1414189900844964	6.280431448251359	0.9295866821966492	0.36860358148372097	0.0	-0.36860358148372097	0.9295866821966492	0.0	0.0	0.0	1.0	1.06
-3.141356716094332	6.279519396365953	0.9046212068922344	0.4262164614850504	0.0	-0.4262164614850504	0.9046212068922344	0.0	0.0	0.0	1.0	1.0699999999999998
-3.141285450459135	6.278633710856165	0.8760935806600283	0.4821410975288153	0.0	-0.4821410975288153	0.8760935806600283	0.0	0.0	0.0	1.0	1.08
-3.1412054744109623	6.2777778868769065	0.8441175978116208	0.536158074698814	0.0	-0.536158074698814	0.8441175978116208	0.0	0.0	0.0	1.0	1.0899999999999999
-3.1411171035555476	6.276955301748152	0.8088204773124759	0.5880556397825113	0.0	-0.5880556397825113	0.8088204773124759	0.0	0.0	0.0	1.0	1.1
-3.14102068662691	6.276169201627049	0.7703423460662093	0.6376305120186836	0.0	-0.6376305120186836	0.7703423460662093	0.0	0.0	0.0	1.0	1.1099999999999999
-3.140916604111221	6.275422688697418	0.7288356745458634	0.6846886588145566	0.0	-0.6846886588145566	0.7288356745458634	0.0	0.0	0.0	1.0	1.12
-3.140805266745358	6.274718708927167	0.6844646671691945	0.7290460337982532	0.0	-0.7290460337982532	0.6844646671691945	0.0	0.0	0.0	1.0	1.13
-3.1406871138960892	6.274060040441943	0.6374046099385892	0.7705292747384975	0.0	-0.7705292747384975	0.6374046099385892	0.0	0.0	0.0	1.0	1.1400000000000001
-3.140562611826252	6.2734492825609705	0.5878411779783195	0.8089763590322414	0.0	-0.8089763590322414	0.5878411779783195	0.0	0.0	0.0	1.0	1.15
-3.140432251854796	6.272888845538326	0.5359697057026369	0.8442372146316632	0.0	-0.8442372146316632	0.5359697057026369	0.0	0.0	0.0	1.0	1.1599999999999997
-3.140296548417926	6.272380941050222	0.48199442243842966	0.8761742844538662	0.0	-0.8761742844538662	0.48199442243842966	0.0	0.0	0.0	1.0	1.17
-3.140156037039012	6.27192757346583	0.4261276564061336	0.9046630424892002	0.0	-0.9046630424892002	0.4261276564061336	0.0	0.0	0.0	1.0	1.1799999999999997
-3.140011272215267	6.271530531936189	0.3685890100330081	0.929592459996792	0.0	-0.929592459996792	0.3685890100330081	0.0	0.0	0.0	1.0	1.19
-3.139862825229536	6.271191383332399	0.3096045096343049	0.950865420348275	0.0	-0.950865420348275	0.3096045096343049	0.0	0.0	0.0	1.0	1.1999999999999997
-3.139711281895836	6.270911466061093	0.2494057325506876	0.9683990812525872	0.0	-0.9683990812525872	0.2494057325506876	0.0	0.0	0.0	1.0	1.21
-3.139557240247532	6.270691884781572	0.18822891487529286	0.9821251832657942	0.0	-0.9821251832657942	0.18822891487529286	0.0	0.0	0.0	1.0	1.2199999999999998
-3.139401308177288	6.270533506045518	0.12631404294124057	0.9919903036601914	0.0	-0.9919903036601914	0.12631404294124057	0.0	0.0	0.0	1.0	1.23
-3.139244101038099	6.270436954876538	0.06390393177098323	0.9979560548963113	0.0	-0.9979560548963113	0.06390393177098323	0.0	0.0	0.0	1.0	1.2399999999999998
-3.139086239214875	6.270402612303027	0.0012432937127009453	0.9999992271100733	0.0	-0.9999992271100733	0.0012432937127009453	0.0	0.0	0.0	1.0	1.25
-3.1389283456761645	6.270430613854155	-0.061422199493355124	0.9981118741951719	0.0	-0.9981118741951719	-0.061422199493355124	0.0	0.0	0.0	1.0	1.2599999999999998
-3.138771043515677	6.270520849024894	-0.12384685796416747	0.9923013432281563	0.0	-0.9923013432281563	-0.12384685796416747	0.0	0.0	0.0	1.0	1.27
-3.1386149534933137	6.270672961712213	-0.18578591497867997	0.9825902471506293	0.0	-0.9825902471506293	-0.18578591497867997	0.0	0.0	0.0	1.0	1.2799999999999998
-3.1384606915854096	6.270886351620711	-0.24699646507784315	0.969016380789845	0.0	-0.969016380789845	-0.24699646507784315	0.0	0.0	0.0	1.0	1.29
-3.1383088665538574	6.271160176632129	-0.3072383957055798	0.9516325804659389	0.0	-0.9516325804659389	-0.3072383957055798	0.0	0.0	0.0	1.0	1.2999999999999998
-3.138160077543709	6.271493356129391	-0.3662753091479947	0.9305065276012527	0.0	-0.9305065276012527	-0.3662753091479947	0.0	0.0	0.0	1.0	1.31
-3.1380149117187357	6.271884575261975	-0.42387543154571206	0.90572049691499	0.0	-0.90572049691499	-0.42387543154571206	0.0	0.0	0.0	1.0	1.3199999999999998
-3.1378739419442803	6.272332290135814	-0.4798125057782078	0.8773710499548282	0.0	-0.8773710499548282	-0.4798125057782078	0.0	0.0	0.0	1.0	1.33
-3.1377377245265494	6.272834733907159	-0.5338666650493897	0.8455686748863411	0.0	-0.8455686748863411	-0.5338666650493897	0.0	0.0	0.0	1.0	1.3399999999999999
-3.137606797017263	6.273389923756311	-0.5858252840411934	0.8104373736310875	0.0	-0.8104373736310875	-0.5858252840411934	0.0	0.0	0.0	1.0	1.35
-3.1374816760923228	6.273995668713711	-0.6354838045467167	0.7721141976151135	0.0	-0.7721141976151135	-0.6354838045467167	0.0	0.0	0.0	1.0	1.3599999999999999
-3.137362855512888	6.274649578307385	-0.6826465325472316	0.7307487335611617	0.0	-0.7307487335611617	-0.6826465325472316	0.0	0.0	0.0	1.0	1.37
-3.1372508041768756	6.275349071997621	-0.7271274037584948	0.6865025409300617	0.0	-0.6865025409300617	-0.7271274037584948	0.0	0.0	0.0	1.0	1.38
-3.1371459642686035	6.276091389361585	-0.76875071474199	0.6395485427891144	0.0	-0.6395485427891144	-0.76875071474199	0.0	0.0	0.0	1.0	1.3900000000000001
-3.1370487495138537	6.2768736009876545	-0.8073518167563535	0.5900703720576178	0.0	-0.5900703720576178	-0.8073518167563535	0.0	0.0	0.0	1.0	1.4
-3.1369595435472553	6.277692620036442	-0.8427777696140654	0.538261675251305	0.0	-0.538261675251305	-0.8427777696140654	0.0	0.0	0.0	1.0	1.4099999999999997
-3.136878698398415	6.2785452144228415	-0.8748879529088424	0.48432537601799813	0.0	-0.48432537601799813	-0.8748879529088424	0.0	0.0	0.0	1.0	1.42
-3.136806533102784	6.279428019571045	-0.9035546320907383	0.4284729009253333	0.0	-0.4284729009253333	-0.9035546320907383	0.0	0.0	0.0	1.0	1.4299999999999997
-3.13674333244272	6.280337551692139	-0.928663476989051	0.37092337012731674	0.0	-0.37092337012731674	-0.928663476989051	0.0	0.0	0.0	1.0	1.44
-3.1366893458237266	6.281270221531922	-0.9501140305181767	0.3119027556988	0.0	-0.3119027556988	-0.9501140305181767	0.0	0.0	0.0	1.0	1.4499999999999997
-3.1366447862902973	6.282222348534656	-0.9678201254488898	0.2516430105846281	0.0	-0.2516430105846281	-0.9678201254488898	0.0	0.0	0.0	1.0	1.46
-3.1366098296852423	6.283190175366914	-0.9817102472872425	0.19038117126234191	0.0	-0.19038117126234191	-0.9817102472872425	0.0	0.0	0.0	1.0	1.4699999999999998
-3.1365846139558156	6.284169882744198	-0.9917278414756041	0.12835843736248614	0.0	-0.12835843736248614	-0.9917278414756041	0.0	0.0	0.0	1.0	1.48
-3.136569238609381	6.28515760450188	-0.9978315633151285	0.06581923162789781	0.0	-0.06581923162789781	-0.9978315633151285	0.0	0.0	0.0	1.0	1.4899999999999998
-3.1365637643207593	6.2861494428509905	-0.9999954692061054	0.003010243721232223	0.0	-0.003010243721232223	-0.9999954692061054	0.0	0.0	0.0	1.0	1.5
-3.136568212692811	6.287141483758726	-0.9982091480118112	-0.059820538492513044	0.0	0.059820538492513044	-0.9982091480118112	0.0	0.0	0.0	1.0	1.5099999999999998
-3.1365825661711892	6.288129812393007	-0.9924777915722617	-0.12242480645623327	0.0	0.12242480645623327	-0.9924777915722617	0.0	0.0	0.0	1.0	1.52
-3.1366067681136114	6.289110528570184	-0.982822203626019	-0.18455491339895586	0.0	0.18455491339895586	-0.982822203626019	0.0	0.0	0.0	1.0	1.5299999999999998
-3.136640723013365	6.290079762144987	-0.9692787466401833	-0.24596485787940425	0.0	0.24596485787940425	-0.9692787466401833	0.0	0.0	0.0	1.0	1.54
-3.136684296876173	6.29103368828202	-0.9518992263000114	-0.3064112644297525	0.0	0.3064112644297525	-0.9518992263000114	0.0	0.0	0.0	1.0	1.5499999999999998
-3.13673731774893	6.291968542548577	-0.9307507136691313	-0.3656543572889606	0.0	0.3656543572889606	-0.9307507136691313	0.0	0.0	0.0	1.0	1.56
-3.136799576398226	6.292880635769271	-0.9059153052979183	-0.42345892318733763	0.0	0.42345892318733763	-0.9059153052979183	0.0	0.0	0.0	1.0	1.5699999999999998
-3.1368708271359798	6.293766368583854	-0.8774898218298371	-0.4795952591352846	0.0	0.4795952591352846	-0.8774898218298371	0.0	0.0	0.0	1.0	1.58
-3.136950788788927	6.294622245650837	-0.8455854459320236	-0.533840101180064	0.0	0.533840101180064	-0.8455854459320236	0.0	0.0	0.0	1.0	1.5899999999999999
-3.1370391458081395	6.295444889440879	-0.8103273006553806	-0.5859775301259974	0.0	0.5859775301259974	-0.8103273006553806	0.0	0.0	0.0	1.0	1.6
-3.1371355495142	6.2962310535654575	-0.7718539696094	-0.6357998502659556	0.0	0.6357998502659556	-0.7718539696094	0.0	0.0	0.0	1.0	1.6099999999999999
-3.1372396194731174	6.296977635588305	-0.7303169606158502	-0.683108437246113	0.0	0.683108437246113	-0.7303169606158502	0.0	0.0	0.0	1.0	1.62
-3.1373509449975665	6.297681689268992	-0.6858801147816689	-0.7277145512816717	0.0	0.7277145512816717	-0.6858801147816689	0.0	0.0	0.0	1.0	1.63
-3.13746908676751	6.298340436190331	-0.6387189632027831	-0.7694401120588671	0.0	0.7694401120588671	-0.6387189632027831	0.0	0.0	0.0	1.0	1.6400000000000001
-3.137593578563832	6.298951276723704	-0.5890200337753523	-0.8081184317977674	0.0	0.8081184317977674	-0.5890200337753523	0.0	0.0	0.0	1.0	1.65
-3.1377239291081254	6.299511800288982	-0.5369801108469455	-0.8435949031109673	0.0	0.8435949031109673	-0.5369801108469455	0.0	0.0	0.0	1.0	1.6600000000000001
-3.1378596240013903	6.300019794868547	-0.48280545068566527	-0.8757276384745496	0.0	0.8757276384745496	-0.48280545068566527	0.0	0.0	0.0	1.0	1.67
-3.138000127753972	6.3004732557378125	-0.42671095597807474	-0.9043880583290989	0.0	0.9043880583290989	-0.42671095597807474	0.0	0.0	0.0	1.0	1.6799999999999997
-3.1381448858987535	6.300870393377718	-0.3689193127853635	-0.9294614250489233	0.0	0.9294614250489233	-0.3689193127853635	0.0	0.0	0.0	1.0	1.69
-3.138293327179246	6.301209640537969	-0.3096600935894531	-0.9508473202560815	0.0	0.9508473202560815	-0.3096600935894531	0.0	0.0	0.0	1.0	1.6999999999999997
-3.1384448658039497	6.3014896584230735	-0.2491688302452524	-0.9684600632107722	0.0	0.9684600632107722	-0.2491688302452524	0.0	0.0	0.0	1.0	1.71
-3.1385989037580817	6.301709341976745	-0.18768606082038197	-0.9822290682797612	0.0	0.9822290682797612	-0.18768606082038197	0.0	0.0	0.0	1.0	1.7199999999999998
-3.1387548331635577	6.301867824243736	-0.12545635444789804	-0.9920991397681198	0.0	0.9920991397681198	-0.12545635444789804	0.0	0.0	0.0	1.0	1.73
-3.1389120386778977	6.301964479791914	-0.06272731843987099	-0.9980307026947334	0.0	0.9980307026947334	-0.06272731843987099	0.0	0.0	0.0	1.0	1.7399999999999998
-3.1390698999226045	6.301998927180983	0.0002514079912696929	-0.9999999683970104	0.0	0.9999999683970104	0.0002514079912696929	0.0	0.0	0.0	1.0	1.75
-3.139227793931413	6.30197103046814	0.06322916898144909	-0.997999034162817	0.0	0.997999034162817	0.06322916898144909	0.0	0.0	0.0	1.0	1.7599999999999998
-3.1393850976087583	6.301880899744671	0.1259553117610822	-0.9920359164058369	0.0	0.9920359164058369	0.1259553117610822	0.0	0.0	0.0	1.0	1.77
-3.1395411901887527	6.3017288907014	0.18818020640042235	-0.9821345172221035	0.0	0.9821345172221035	0.18818020640042235	0.0	0.0	0.0	1.0	1.7799999999999998
-3.139695455684968	6.3015156032246695	0.24965626105582392	-0.9683345244881163	0.0	0.9683345244881163	0.24965626105582392	0.0	0.0	0.0	1.0	1.79
-3.139847285321351	6.301241879028449	0.31013892824364997	-0.9506912459825642	0.0	0.9506912459825642	0.31013892824364997	0.0	0.0	0.0	1.0	1.7999999999999998
-3.139996079934677	6.300908798331899	0.36938769771884794	-0.9292753783319394	0.0	0.9292753783319394	0.36938769771884794	0.0	0.0	0.0	1.0	1.81
-3.1401412523390633	6.30051767559556	0.4271670716099782	-0.9041727118931183	0.0	0.9041727118931183	0.4271670716099782	0.0	0.0	0.0	1.0	1.8199999999999998
-3.1402822296432005	6.300070054333002	0.4832475175613971	-0.8754837729911088	0.0	0.8754837729911088	0.4832475175613971	0.0	0.0	0.0	1.0	1.83
-3.1404184555111687	6.29956770101846	0.5374063957551886	-0.8433234052256688	0.0	0.8433234052256688	0.5374063957551886	0.0	0.0	0.0	1.0	1.8399999999999999
-3.1405493923579004	6.299012598114551	0.5894288558295582	-0.8078202918443297	0.0	0.8078202918443297	0.5894288558295582	0.0	0.0	0.0	1.0	1.85
-3.1406745234706435	6.298406936247612	0.6391086998752221	-0.7691164214498369	0.0	0.7691164214498369	0.6391086998752221	0.0	0.0	0.0	1.0	1.8599999999999999
-3.1407933550480367	6.297753105561601	0.6862492078757304	-0.7273664995653379	0.0	0.7273664995653379	0.6862492078757304	0.0	0.0	0.0	1.0	1.87
-3.1409054181487597	6.297053686284725	0.7306639221598283	-0.6827373088194436	0.0	0.6827373088194436	0.7306639221598283	0.0	0.0	0.0	1.0	1.88
-3.1410102705420675	6.296311438546047	0.772177387652507	-0.6354070207340726	0.0	0.6354070207340726	0.772177387652507	0.0	0.0	0.0	1.0	1.8900000000000001
-3.1411074984529086	6.295529291482309	0.8106258449442388	-0.5855644622997873	0.0	0.5855644622997873	0.8106258449442388	0.0	0.0	0.0	1.0	1.9
-3.141196718194737	6.294710331678015	0.8458578734434855	-0.5334083407050031	0.0	0.5334083407050031	0.8458578734434855	0.0	0.0	0.0	1.0	1.9100000000000001
-3.1412775776835824	6.2938577909843705	0.8777349821336942	-0.47914642974644384	0.0	0.47914642974644384	0.8777349821336942	0.0	0.0	0.0	1.0	1.92
-3.1413497578274066	6.292975033765197	0.9061321457209727	-0.4229947215877593	0.0	0.4229947215877593	0.9061321457209727	0.0	0.0	0.0	1.0	1.9299999999999997
-3.1414129737852563	6.2920655436201764	0.9309382842302328	-0.36517654765122914	0.0	0.36517654765122914	0.9309382842302328	0.0	0.0	0.0	1.0	1.94
-3.1414669760912584	6.291132909637783	0.9520566843840877	-0.3059216725235034	0.0	0.3059216725235034	0.9520566843840877	0.0	0.0	0.0	1.0	1.9499999999999997
-3.1415115516390144	6.290180812232182	0.9694053613780632	-0.24546536483069592	0.0	0.24546536483069592	0.9694053613780632	0.0	0.0	0.0	1.0	1.96
-3.1415465245225174	6.289213008619942	0.9829173599459472	-0.18404744909096007	0.0	0.18404744909096007	0.9829173599459472	0.0	0.0	0.0	1.0	1.9699999999999998
-3.141571756730275	6.288233317993884	0.9925409938885641	-0.1219113425842793	0.0	0.1219113425842793	0.9925409938885641	0.0	0.0	0.0	1.0	1.98
-3.1415871486898954	6.287245606452493	0.9982400235161194	-0.05930308129041469	0.0	0.05930308129041469	0.9982400235161194	0.0	0.0	0.0	1.0	1.9899999999999998
-3.141592639660998	6.2862537717444065	0.999993770726989	0.0035296610628162577	0.0	-0.0035296610628162577	0.999993770726989	0.0	0.0	0.0	1.0	2.0
-3.1415882079748907	6.285261727888051	0.997797171712871	0.06633855682629611	0.0	-0.06633855682629611	0.997797171712871	0.0	0.0	0.0	1.0	2.0100000000000007
-3.141573871120072	6.284273389727149	0.9916607675402501	0.12887560716241966	0.0	-0.12887560716241966	0.9916607675402501	0.0	0.0	0.0	1.0	2.0199999999999996
-3.141549685673225	6.283292657482958	0.9816106331098933	0.1908941197774163	0.0	-0.1908941197774163	0.9816106331098933	0.0	0.0	0.0	1.0	2.0300000000000002
-3.141515747075965	6.28232340136419	0.9676882452385723	0.25214967782468556	0.0	-0.25214967782468556	0.9676882452385723	0.0	0.0	0.0	1.0	2.04
-3.141472189258238	6.281369446295252	0.949950290839389	0.31240109624353163	0.0	-0.31240109624353163	0.949950290839389	0.0	0.0	0.0	1.0	2.05
-3.1414191841098287	6.280434556823077	0.9284684163983294	0.3714113619031847	0.0	-0.3714113619031847	0.9284684163983294	0.0	0.0	0.0	1.0	2.0600000000000005
-3.1413569408020963	6.279522422262058	0.9033289201542365	0.4289485540399699	0.0	-0.4289485540399699	0.9033289201542365	0.0	0.0	0.0	1.0	2.0699999999999994
-3.14128570496258	6.278636642135659	0.8746323885868905	0.4847867416037598	0.0	-0.4847867416037598	0.8746323885868905	0.0	0.0	0.0	1.0	2.08
-3.1412057577057517	6.277780711972157	0.8424932790030877	0.5387068542673514	0.0	-0.5387068542673514	0.8424932790030877	0.0	0.0	0.0	1.0	2.09
-3.1411174145237286	6.276958009510531	0.8070394501830561	0.5904975239983913	0.0	-0.5904975239983913	0.8070394501830561	0.0	0.0	0.0	1.0	2.1000000000000005
-3.1410210240413226	6.276171781370937	0.7684116432096924	0.6399558942456741	0.0	-0.6399558942456741	0.7684116432096924	0.0	0.0	0.0	1.0	2.1099999999999994
-3.140916966640339	6.2754251302423745	0.7267629147504182	0.6868883939501936	0.0	-0.6868883939501936	0.7267629147504182	0.0	0.0	0.0	1.0	2.12
-3.140805652958547	6.274721002638099	0.6822580251968117	0.731111473753864	0.0	-0.731111473753864	0.6822580251968117	0.0	0.0	0.0	1.0	2.13
-3.1406875222692485	6.274062177267132	0.6350727841901093	0.7724523019455783	0.0	-0.7724523019455783	0.6350727841901093	0.0	0.0	0.0	1.0	2.1400000000000006
-3.140563040747831	6.273451254067802	0.5853933561724585	0.8107494178531028	0.0	-0.8107494178531028	0.5853933561724585	0.0	0.0	0.0	1.0	2.1499999999999995
-3.140432699632153	6.272890643946571	0.5334155287038687	0.8458533405606272	0.0	-0.8458533405606272	0.5334155287038687	0.0	0.0	0.0	1.0	2.16
-3.1402970132840085	6.272382559262738	0.4793439463747283	0.8776271310037661	0.0	-0.8776271310037661	0.4793439463747283	0.0	0.0	0.0	1.0	2.17
-3.1401565171593284	6.2719290050965775	0.4233913132229325	0.9059469056668612	0.0	-0.9059469056668612	0.4233913132229325	0.0	0.0	0.0	1.0	2.1800000000000006
-3.1400117656951276	6.271531771335433	0.36577756663487604	0.9307023002800997	0.0	-0.9307023002800997	0.36577756663487604	0.0	0.0	0.0	1.0	2.1899999999999995
-3.1398633301215297	6.271192425609012	0.3067290257701192	0.9517968820867789	0.0	-0.9517968820867789	0.3067290257701192	0.0	0.0	0.0	1.0	2.2
-3.139711796207515	6.270912307101863	0.24647751760218423	0.9691485094229186	0.0	-0.9691485094229186	0.24647751760218423	0.0	0.0	0.0	1.0	2.21
-3.1395577619492747	6.270692521267429	0.18525948371205492	0.9826896375228259	0.0	-0.9826896375228259	0.18525948371205492	0.0	0.0	0.0	1.0	2.2200000000000006
-3.139401835210309	6.2705339354646465	0.1233150710082647	0.992367569634471	0.0	-0.992367569634471	0.1233150710082647	0.0	0.0	0.0	1.0	2.2299999999999995
-3.139244631322573	6.2704371755342825	0.060887209577107144	0.9981446526981514	0.0	-0.9981446526981514	0.060887209577107144	0.0	0.0	0.0	1.0	2.24
-3.1390867706581465	6.270402623328586	-0.001779319109806886	0.9999984170104999	0.0	-0.9999984170104999	-0.001779319109806886	0.0	0.0	0.0	1.0	2.25
-3.138928876181004	6.270430415204017	-0.06443882038667907	0.9979216594638948	0.0	-0.9979216594638948	-0.06443882038667907	0.0	0.0	0.0	1.0	2.2600000000000007
-3.138771570988559	6.270520441483011	-0.126845627727932	0.9919224701186615	0.0	-0.9919224701186615	-0.126845627727932	0.0	0.0	0.0	1.0	2.2699999999999996
-3.138615475852677	6.270672346886905	-0.18875504396562914	0.9820242020324823	0.0	-0.9820242020324823	-0.18875504396562914	0.0	0.0	0.0	1.0	2.2800000000000002
-3.138461206769873	6.270885531938313	-0.24992427912986073	0.9682653844382848	0.0	-0.9682653844382848	-0.24992427912986073	0.0	0.0	0.0	1.0	2.29
-3.1383093725303564	6.271159155327422	-0.3101133816587163	0.950699579528778	0.0	-0.950699579528778	-0.3101133816587163	0.0	0.0	0.0	1.0	2.3000000000000007
-3.138160572315515	6.2714921372328245	-0.369086159736249	0.9293951832730509	0.0	-0.9293951832730509	-0.369086159736249	0.0	0.0	0.0	1.0	2.3099999999999996
-3.1380153933333386	6.2718831635837695	-0.4266110895353479	0.9044351708582896	0.0	-0.9044351708582896	-0.4266110895353479	0.0	0.0	0.0	1.0	2.3200000000000003
-3.1378744085010943	6.272330691246964	-0.48246220716655425	0.8759167875180708	0.0	-0.8759167875180708	-0.48246220716655425	0.0	0.0	0.0	1.0	2.33
-3.1377381741844124	6.272832954117443	-0.5364199811651319	0.8439511856777023	0.0	-0.8439511856777023	-0.5364199811651319	0.0	0.0	0.0	1.0	2.34
-3.1376072280016998	6.273387970089398	-0.5882721623864166	0.808663009517073	0.0	-0.808663009517073	-0.5882721623864166	0.0	0.0	0.0	1.0	2.3500000000000005
-3.1374820867025512	6.273993548879434	-0.6378146082249785	0.770189928222135	0.0	-0.770189928222135	-0.6378146082249785	0.0	0.0	0.0	1.0	2.3599999999999994
-3.137363244128529	6.274647300671308	-0.6848520781263944	0.7286821193675327	0.0	-0.7286821193675327	-0.6848520781263944	0.0	0.0	0.0	1.0	2.37
-3.137251169264348	6.275346645548024	-0.7291989974219582	0.6843017040449417	0.0	-0.6843017040449417	-0.7291989974219582	0.0	0.0	0.0	1.0	2.38
-3.137146304387176	6.276088823673996	-0.7706801865875991	0.6372221355236363	0.0	-0.6372221355236363	-0.7706801865875991	0.0	0.0	0.0	1.0	2.3900000000000006
-3.1370490633213297	6.276870906187051	-0.8091315531081659	0.5876275434020836	0.0	-0.5876275434020836	-0.8091315531081659	0.0	0.0	0.0	1.0	2.3999999999999995
-3.136959829805269	6.277689806757291	-0.8444007432188124	0.5357120353804994	0.0	-0.5357120353804994	-0.8444007432188124	0.0	0.0	0.0	1.0	2.41
-3.1368789559773207	6.278542293767142	-0.8763477508959023	0.4816789589547105	0.0	-0.4816789589547105	-0.8763477508959023	0.0	0.0	0.0	1.0	2.42
-3.1368067609861097	6.2794250030645085	-0.904845481582113	0.4257401254996223	0.0	-0.4257401254996223	-0.904845481582113	0.0	0.0	0.0	1.0	2.4300000000000006
-3.1367435297311808	6.280334451238711	-0.929780268253799	0.36811499937640907	0.0	-0.36811499937640907	-0.929780268253799	0.0	0.0	0.0	1.0	2.4399999999999995
-3.136689511738773	6.281267049366798	-0.9510523375744098	0.3090298548591235	0.0	-0.3090298548591235	-0.9510523375744098	0.0	0.0	0.0	1.0	2.45
-3.1366449201771887	6.282219117176012	-0.9685762240253699	0.24871690383397024	0.0	-0.24871690383397024	-0.9685762240253699	0.0	0.0	0.0	1.0	2.46
-3.1366099310156277	6.2831868975664955	-0.9822811300661778	0.18741339737572874	0.0	-0.18741339737572874	-0.9822811300661778	0.0	0.0	0.0	1.0	2.4700000000000006
-3.1365846823298207	6.284166571437014	-0.9921112305480569	0.12536070445087769	0.0	-0.12536070445087769	-0.9921112305480569	0.0	0.0	0.0	1.0	2.4799999999999995
-3.1365692737571855	6.285154272755153	-0.9980259197908098	0.06280337113330893	0.0	-0.06280337113330893	-0.9980259197908098	0.0	0.0	0.0	1.0	2.49
-3.136563766103662	6.286146103812597	-0.9999999999299528	-1.1836153800501304e-05	0.0	1.1836153800501304e-05	-0.9999999999299528	0.0	0.0	0.0	1.0	2.5
-3.1365681811037756	6.287138150605315	-0.9980238093507944	-0.06283689973995527	0.0	0.06283689973995527	-0.9980238093507944	0.0	0.0	0.0	1.0	2.5100000000000007
-3.136582501334874	6.288126498278	-0.9921032902471446	-0.12542352841787757	0.0	0.12542352841787757	-0.9921032902471446	0.0	0.0	0.0	1.0	2.5199999999999996
-3.1366066702858757	6.289107246571886	-0.9822599945743865	-0.18752413993597247	0.0	0.18752413993597247	-0.9822599945743865	0.0	0.0	0.0	1.0	2.5300000000000002
-3.136640592580261	6.290076525214968	-0.9685310279088489	-0.24889284436847217	0.0	0.24889284436847217	-0.9685310279088489	0.0	0.0	0.0	1.0	2.54
-3.1366841343524214	6.291030509194013	-0.9509689309768506	-0.30928642439775156	0.0	0.30928642439775156	-0.9509689309768506	0.0	0.0	0.0	1.0	2.5500000000000007
-3.1367371237758896	6.291965433848073	-0.9296414988765075	-0.3684653084981553	0.0	0.3684653084981553	-0.9296414988765075	0.0	0.0	0.0	1.0	2.5599999999999996
-3.136799351741362	6.292877609724007	-0.9046315382819763	-0.426194532984159	0.0	0.426194532984159	-0.9046315382819763	0.0	0.0	0.0	1.0	2.5700000000000003
-3.136870572681844	6.293763437135414	-0.8760365631921481	-0.4822446888774303	0.0	0.4822446888774303	-0.8760365631921481	0.0	0.0	0.0	1.0	2.58
-3.136950505541659	6.294619420367524	-0.8439684300621181	-0.5363928495594286	0.0	0.5363928495594286	-0.8439684300621181	0.0	0.0	0.0	1.0	2.59
-3.1370388348855056	6.295442181472061	-0.8085529134347637	-0.5884234752082513	0.0	0.5884234752082513	-0.8085529134347637	0.0	0.0	0.0	1.0	2.6000000000000005
-3.1371352121431806	6.2962284735975675	-0.7699292234694454	-0.6381292900719547	0.0	0.6381292900719547	-0.7699292234694454	0.0	0.0	0.0	1.0	2.6099999999999994
-3.1372392569850667	6.296975193802672	-0.7282494670435548	-0.6853121287054378	0.0	0.6853121287054378	-0.7282494670435548	0.0	0.0	0.0	1.0	2.62
-3.1373505588229578	6.29767939530166	-0.6836780543786075	-0.7297837473944468	0.0	0.7297837473944468	-0.6836780543786075	0.0	0.0	0.0	1.0	2.63
-3.1374686784302908	6.298338299094028	-0.6363910534134462	-0.7713665971088742	0.0	0.7713665971088742	-0.6363910534134462	0.0	0.0	0.0	1.0	2.6400000000000006
-3.137593149675411	6.298949304932109	-0.5865754944116611	-0.8098945544672562	0.0	0.8098945544672562	-0.5865754944116611	0.0	0.0	0.0	1.0	2.6499999999999995
-3.1377234813610144	6.299510001583448	-0.5344286275456709	-0.8452136073559458	0.0	0.8452136073559458	-0.5344286275456709	0.0	0.0	0.0	1.0	2.66
-3.137859159162522	6.300018176347393	-0.48015713644505126	-0.8771824920282486	0.0	0.8771824920282486	-0.48015713644505126	0.0	0.0	0.0	1.0	2.67
-3.13799964765773	6.300471823788298	-0.4239763109287174	-0.9056732787110789	0.0	0.9056732787110789	-0.4239763109287174	0.0	0.0	0.0	1.0	2.6800000000000006
-3.1381443924397323	6.300869153650835	-0.3661091823587193	-0.9305719029675408	0.0	0.9305719029675408	-0.3661091823587193	0.0	0.0	0.0	1.0	2.6899999999999995
