3.101360926294962	6.286207389817359	1.0	0.0	0.0	-0.0	1.0	0.0	0.0	0.0	1.0	0.0
-3.1415888046342277	6.283002594694646	0.9997440317228029	0.02262456705962374	0.0	-0.02262456705962374	0.9997440317228029	0.0	0.0	0.0	1.0	0.01
-3.1414952579963793	6.269759342745245	0.9963560600631637	0.08529127490786786	0.0	-0.08529127490786786	0.9963560600631637	0.0	0.0	0.0	1.0	0.02
-3.1412695484105386	6.256578659461939	0.9890633473093519	0.147491338760011	0.0	-0.147491338760011	0.9890633473093519	0.0	0.0	0.0	1.0	0.03
-3.1409125599957206	6.2435121772138	0.9779189405253474	0.20898455866829518	0.0	-0.20898455866829518	0.9779189405253474	0.0	0.0	0.0	1.0	0.039999999999999994
-3.1404256911530486	6.230611087083222	0.9629901755742428	0.26953649427765636	0.0	-0.26953649427765636	0.9629901755742428	0.0	0.0	0.0	1.0	0.05
-3.1398108491597854	6.217925940733693	0.9443580524523821	0.328919243536075	0.0	-0.328919243536075	0.9443580524523821	0.0	0.0	0.0	1.0	0.06
-3.1390704427924057	6.205506454453399	0.922116579303722	0.3869121530440763	0.0	-0.3869121530440763	0.922116579303722	0.0	0.0	0.0	1.0	0.07
-3.138207373003893	6.193401316059291	0.8963720926002746	0.4433024606376609	0.0	-0.4433024606376609	0.8963720926002746	0.0	0.0	0.0	1.0	0.07999999999999999
-3.137225021687327	6.181657995349638	0.8672425605679664	0.4978858716006281	0.0	-0.4978858716006281	0.8672425605679664	0.0	0.0	0.0	1.0	0.09
-3.136127238564716	6.170322558796226	0.8348568764502511	0.5504670706261456	0.0	-0.5504670706261456	0.8348568764502511	0.0	0.0	0.0	1.0	0.1
-3.134918326246947	6.159439489169681	0.799354147646436	0.6008601722867308	0.0	-0.6008601722867308	0.799354147646436	0.0	0.0	0.0	1.0	0.10999999999999999
-3.1336030235176695	6.1490515107920904	0.7608829861502878	0.6488891133213909	0.0	-0.6488891133213909	0.7608829861502878	0.0	0.0	0.0	1.0	0.12
-3.1321864869008635	6.139199421109703	0.7196008050595337	0.6943879905050713	0.0	-0.6943879905050713	0.7196008050595337	0.0	0.0	0.0	1.0	0.13
-3.1306742705787434	6.129921929274011	0.6756731252406971	0.737201348226839	0.0	-0.737201348226839	0.6756731252406971	0.0	0.0	0.0	1.0	0.14
-3.1290723047335023	6.121255502411494	0.6292728955283851	0.7771844201689341	0.0	-0.7771844201689341	0.6292728955283851	0.0	0.0	0.0	1.0	0.14999999999999997
-3.1273868723931324	6.113234220249924	0.5805798291252732	0.8142033296498293	0.0	-0.8142033296498293	0.5805798291252732	0.0	0.0	0.0	1.0	0.16000000000000003
-3.125624584868159	6.1058896387518775	0.5297797581597242	0.8481352532728634	0.0	-0.8481352532728634	0.5297797581597242	0.0	0.0	0.0	1.0	0.16999999999999998
-3.1237923558725242	6.099250663383525	0.47706400766263757	0.878868552511047	0.0	-0.878868552511047	0.47706400766263757	0.0	0.0	0.0	1.0	0.18
-3.1218973744279834	6.093343432618403	0.4226287895535151	0.9063028777624678	0.0	-0.9063028777624678	0.4226287895535151	0.0	0.0	0.0	1.0	0.19
-3.119947076657226	6.088191212241598	0.3666746165867544	0.9303492492343703	0.0	-0.9303492492343703	0.3666746165867544	0.0	0.0	0.0	1.0	0.2
-3.117949116576367	6.083814300979434	0.30940573561102636	0.9509301187632032	0.0	-0.9509301187632032	0.30940573561102636	0.0	0.0	0.0	1.0	0.20999999999999996
-3.115911336002497	6.080229947933496	0.25102957894455774	0.9679794163591073	0.0	-0.9679794163591073	0.25102957894455774	0.0	0.0	0.0	1.0	0.22000000000000003
-3.1138417336964896	6.07745228224581	0.19175623217371357	0.981442584883365	0.0	-0.981442584883365	0.19175623217371357	0.0	0.0	0.0	1.0	0.22999999999999998
-3.1117484338652694	6.0754922553646935	0.13179791624709145	0.9912766058335708	0.0	-0.9912766058335708	0.13179791624709145	0.0	0.0	0.0	1.0	0.24
-3.1096396541511147	6.074357596218749	0.07136848136725449	0.9974500187314309	0.0	-0.9974500187314309	0.07136848136725449	0.0	0.0	0.0	1.0	0.25
-3.1075236732383202	6.074052779540316	0.010682909881180149	0.9999429360900903	0.0	-0.9999429360900903	0.010682909881180149	0.0	0.0	0.0	1.0	0.26
-3.10540879820962	6.074579007510289	-0.05004317485825037	0.9987470553899555	0.0	-0.9987470553899555	-0.05004317485825037	0.0	0.0	0.0	1.0	0.27
-3.1033033317861154	6.075934204824465	-0.11059399684152098	0.9938656689224242	0.0	-0.9938656689224242	-0.11059399684152098	0.0	0.0	0.0	1.0	0.28
-3.101215539585108	6.078113027208397	-0.1707541162221376	0.9853136717782804	0.0	-0.9853136717782804	-0.1707541162221376	0.0	0.0	0.0	1.0	0.29000000000000004
-3.099153617530123	6.081106883334218	-0.23030892186704857	0.9731175676702366	0.0	-0.9731175676702366	-0.23030892186704857	0.0	0.0	0.0	1.0	0.30000000000000004
-3.0971256595465895	6.084903970020011	-0.28904513082177713	0.9573154716958364	0.0	-0.9573154716958364	-0.28904513082177713	0.0	0.0	0.0	1.0	0.31000000000000005
-3.0951396256750874	6.089489320521049	-0.3467512977213569	0.9379571085761624	0.0	-0.9379571085761624	-0.3467512977213569	0.0	0.0	0.0	1.0	0.32000000000000006
-3.0932033107318184	6.094844865653641	-0.40321833695035675	0.9151038043560896	0.0	-0.9151038043560896	-0.40321833695035675	0.0	0.0	0.0	1.0	0.33000000000000007
-3.091324313643041	6.1009495074271705	-0.45824006005483353	0.8888284690315352	0.0	-0.8888284690315352	-0.45824006005483353	0.0	0.0	0.0	1.0	0.3400000000000001
-3.0895100075766586	6.107779204799054	-0.5116137305390542	0.8592155670865792	0.0	-0.8592155670865792	-0.5116137305390542	0.0	0.0	0.0	1.0	0.3500000000000001
-3.087767510990012	6.115307071111421	-0.5631406377441992	0.826361072486511	0.0	-0.826361072486511	-0.5631406377441992	0.0	0.0	0.0	1.0	0.36
-3.086103659708263	6.123503482717797	-0.6126266910097428	0.7903724042895559	0.0	-0.7903724042895559	-0.6126266910097428	0.0	0.0	0.0	1.0	0.37
-3.084524980142611	6.132336198263371	-0.6598830347663985	0.7513683387177612	0.0	-0.7513683387177612	-0.6598830347663985	0.0	0.0	0.0	1.0	0.38
-3.0830376637520267	6.141770488043694	-0.7047266846088777	0.7094788932732103	0.0	-0.7094788932732103	-0.7047266846088777	0.0	0.0	0.0	1.0	0.39
-3.0816475428462624	6.151769272833983	-0.7469811837545072	0.6648451783059837	0.0	-0.6648451783059837	-0.7469811837545072	0.0	0.0	0.0	1.0	0.4
-3.080360067821697	6.162293271554388	-0.7864772786181723	0.6176192113408987	0.0	-0.6176192113408987	-0.7864772786181723	0.0	0.0	0.0	1.0	0.41000000000000003
-3.0791802859151023	6.173301157115482	-0.8230536115340488	0.5679636894562531	0.0	-0.5679636894562531	-0.8230536115340488	0.0	0.0	0.0	1.0	0.42000000000000004
-3.078112821553796	6.184749719772303	-0.8565574279399217	0.5160517150838141	0.0	-0.5160517150838141	-0.8565574279399217	0.0	0.0	0.0	1.0	0.43000000000000005
-3.0771618583738607	6.19659403730414	-0.8868452946210692	0.46206647076851276	0.0	-0.46206647076851276	-0.8868452946210692	0.0	0.0	0.0	1.0	0.44000000000000006
-3.0763311229712507	6.208787651330221	-0.9137838248988817	0.40620083869087464	0.0	-0.40620083869087464	-0.9137838248988817	0.0	0.0	0.0	1.0	0.45000000000000007
-3.0756238704436925	6.221282749067892	-0.9372504059562945	0.3486569611161684	0.0	-0.3486569611161684	-0.9372504059562945	0.0	0.0	0.0	1.0	0.4600000000000001
-3.075042871774338	6.234030349839076	-0.9571339228299397	0.2896457383911785	0.0	-0.2896457383911785	-0.9571339228299397	0.0	0.0	0.0	1.0	0.4700000000000001
-3.0745904031012117	6.246980495632033	-0.9733354729801027	0.22938626166054496	0.0	-0.22938626166054496	-0.9733354729801027	0.0	0.0	0.0	1.0	0.48
-3.074268236909554	6.260082445028019	-0.9857690647867171	0.16810517811632475	0.0	-0.16810517811632475	-0.9857690647867171	0.0	0.0	0.0	1.0	0.49
-3.0740776351773023	6.273284869805695	-0.9943622928252578	0.10603598732174122	0.0	-0.10603598732174122	-0.9943622928252578	0.0	0.0	0.0	1.0	0.5
-3.0740193444970707	6.286536053539513	-0.9990569823627136	0.04341826795610966	0.0	-0.04341826795610966	-0.9990569823627136	0.0	0.0	0.0	1.0	0.51
-3.0740935931911957	6.299784091511251	-0.9998097951925393	-0.01950316479582045	0.0	0.01950316479582045	-0.9998097951925393	0.0	0.0	0.0	1.0	0.52
-3.074300090429598	6.312977091256069	-0.9965927887094768	-0.08247917005079895	0.0	0.08247917005079895	-0.9965927887094768	0.0	0.0	0.0	1.0	0.53
-3.074638027353442	6.326063373065594	-0.9893939200202467	-0.145257258087056	0.0	0.145257258087056	-0.9893939200202467	0.0	0.0	0.0	1.0	0.54
-3.075106080200793	6.338991669770457	-0.9782174869027994	-0.20758263009599706	0.0	0.20758263009599706	-0.9782174869027994	0.0	0.0	0.0	1.0	0.55
-3.0757024154237103	6.351711325123579	-0.9630844975719668	-0.26919927662709725	0.0	0.26919927662709725	-0.9630844975719668	0.0	0.0	0.0	1.0	0.56
-3.076424696779381	6.364172490103187	-0.9440329614879595	-0.32985112948764195	0.0	0.32985112948764195	-0.9440329614879595	0.0	0.0	0.0	1.0	0.5700000000000001
-3.0772700943711184	6.376326316451625	-0.9211180938590335	-0.3892832608339343	0.0	0.3892832608339343	-0.9211180938590335	0.0	0.0	0.0	1.0	0.5800000000000001
-3.0782352956081467	6.3881251467626585	-0.894412427041353	-0.44724312219864987	0.0	0.44724312219864987	-0.894412427041353	0.0	0.0	0.0	1.0	0.5900000000000001
-3.0793165180462485	6.399522700426865	-0.8640058227255502	-0.5034818152588486	0.0	0.5034818152588486	-0.8640058227255502	0.0	0.0	0.0	1.0	0.6000000000000001
-3.080509524064386	6.41047425474224	-0.8300053796160604	-0.5577553852796039	0.0	0.5577553852796039	-0.8300053796160604	0.0	0.0	0.0	1.0	0.6100000000000001
-3.0818096373255153	6.420936820496212	-0.7925352322485634	-0.6098261273877301	0.0	0.6098261273877301	-0.7925352322485634	0.0	0.0	0.0	1.0	0.6200000000000001
-3.083211760962844	6.430869311326371	-0.7517362376426009	-0.6594638951564725	0.0	0.6594638951564725	-0.7517362376426009	0.0	0.0	0.0	1.0	0.6300000000000001
-3.0847103974258805	6.440232706171214	-0.7077655476378069	-0.7064474004318759	0.0	0.7064474004318759	-0.7077655476378069	0.0	0.0	0.0	1.0	0.6400000000000001
-3.086299669913775	6.448990204129681	-0.6607960659976811	-0.7505654929198305	0.0	0.7505654929198305	-0.6607960659976811	0.0	0.0	0.0	1.0	0.6500000000000001
-3.087973345316689	6.457107371060037	-0.6110157906666808	-0.7916184077925241	0.0	0.7916184077925241	-0.6110157906666808	0.0	0.0	0.0	1.0	0.6600000000000001
-3.0897248585792965	6.46455227726509	-0.5586270429146256	-0.8294189694746927	0.0	0.8294189694746927	-0.5586270429146256	0.0	0.0	0.0	1.0	0.6700000000000002
-3.0915473383941223	6.471295625632607	-0.5038455864753784	-0.863793739841452	0.0	0.863793739841452	-0.5038455864753784	0.0	0.0	0.0	1.0	0.6800000000000002
-3.0934336341262076	6.477310869627193	-0.4468996411614581	-0.8945840993052359	0.0	0.8945840993052359	-0.4468996411614581	0.0	0.0	0.0	1.0	0.6900000000000002
-3.0953763438647406	6.482574320563377	-0.38802879678883023	-0.9216472496907983	0.0	0.9216472496907983	-0.38802879678883023	0.0	0.0	0.0	1.0	0.7000000000000002
-3.0973678434917633	6.487065243628999	-0.3274828345524003	-0.9448571283921847	0.0	0.9448571283921847	-0.3274828345524003	0.0	0.0	0.0	1.0	0.71
-3.0994003166529818	6.490765942173427	-0.26552046422874265	-0.9641052240682825	0.0	0.9641052240682825	-0.26552046422874265	0.0	0.0	0.0	1.0	0.72
-3.101465785511097	6.493661829826278	-0.20240798672515703	-0.9793012850547419	0.0	0.9793012850547419	-0.20240798672515703	0.0	0.0	0.0	1.0	0.73
-3.1035561421580145	6.495741490068805	-0.13841789252133224	-0.9903739127369787	0.0	0.9903739127369787	-0.13841789252133224	0.0	0.0	0.0	1.0	0.74
-3.1056631805587984	6.496996722941489	-0.07382740744188712	-0.9972710333256501	0.0	0.9972710333256501	-0.07382740744188712	0.0	0.0	0.0	1.0	0.75
-3.107778628897415	6.497422578636919	-0.008916997937152196	-0.9999602427835764	0.0	0.9999602427835764	-0.008916997937152196	0.0	0.0	0.0	1.0	0.76
-3.109894182192123	6.497017377795938	0.0560311513788417	-0.9984290210501503	0.0	0.9984290210501503	0.0560311513788417	0.0	0.0	0.0	1.0	0.77
-3.11200153504691	6.495782718396472	0.12073467479158939	-0.9926848131723228	0.0	0.9926848131723228	0.12073467479158939	0.0	0.0	0.0	1.0	0.78
-3.11409241440464	6.493723469197413	0.18491256380323443	-0.9827549764553294	0.0	0.9827549764553294	0.18491256380323443	0.0	0.0	0.0	1.0	0.79
-3.1161586121675477	6.490847749773367	0.2482866933415499	-0.9686865942654102	0.0	0.9686865942654102	0.2482866933415499	0.0	0.0	0.0	1.0	0.8
-3.11819201755146	6.487166897249121	0.3105833226752893	-0.9505461586245969	0.0	0.9505461586245969	0.3105833226752893	0.0	0.0	0.0	1.0	0.81
-3.1201846490415592	6.482695419914064	0.37153455821463116	-0.928419125208146	0.0	0.928419125208146	0.37153455821463116	0.0	0.0	0.0	1.0	0.8200000000000001
-3.1221286858196593	6.477450937965869	0.43087976591990973	-0.9024093457632205	0.0	0.9024093457632205	0.43087976591990973	0.0	0.0	0.0	1.0	0.8300000000000001
-3.124016498535788	6.471454111698327	0.48836692175556784	-0.872638384289272	0.0	0.872638384289272	0.48836692175556784	0.0	0.0	0.0	1.0	0.8400000000000001
-3.1258406793003326	6.464728557509698	0.5437538894950217	-0.839244724534528	0.0	0.839244724534528	0.5437538894950217	0.0	0.0	0.0	1.0	0.8500000000000001
-3.1275940707770573	6.4573007521646	0.5968096161886953	-0.8023828774498508	0.0	0.8023828774498508	0.5968096161886953	0.0	0.0	0.0	1.0	0.8600000000000001
-3.1292697942618957	6.449199925793722	0.6473152367322571	-0.7622223981845864	0.0	0.7622223981845864	0.6473152367322571	0.0	0.0	0.0	1.0	0.8700000000000001
-3.130861276637492	6.440457944161186	0.6950650801934323	-0.7189468229957606	0.0	0.7189468229957606	0.6950650801934323	0.0	0.0	0.0	1.0	0.8800000000000001
-3.1323622760989824	6.431109180768966	0.7398675718506988	-0.6727525370622923	0.0	0.6727525370622923	0.7398675718506988	0.0	0.0	0.0	1.0	0.8900000000000001
-3.133766906552358	6.421190379401298	0.7815460262418119	-0.6238475846435835	0.0	0.6238475846435835	0.7815460262418119	0.0	0.0	0.0	1.0	0.9000000000000001
-3.135069660592948	6.410740507739642	0.8199393278903131	-0.5724504332942563	0.0	0.5724504332942563	0.8199393278903131	0.0	0.0	0.0	1.0	0.9100000000000001
-3.1362654309779567	6.3998006027007035	0.8549024977500648	-0.518788703944776	0.0	0.518788703944776	0.8549024977500648	0.0	0.0	0.0	1.0	0.9200000000000002
-3.1373495305136356	6.3884136081666325	0.8863071447583316	-0.4630978785854389	0.0	0.4630978785854389	0.8863071447583316	0.0	0.0	0.0	1.0	0.9300000000000002
-3.1383177102843955	6.3766242057883575	0.9140418031951665	-0.4056199970560236	0.0	0.4056199970560236	0.9140418031951665	0.0	0.0	0.0	1.0	0.9400000000000002
-3.139166176158043	6.364478639550613	0.9380121577907203	-0.34660235405547507	0.0	0.34660235405547507	0.9380121577907203	0.0	0.0	0.0	1.0	0.9500000000000002
-3.139891603508224	6.352024534791283	0.9581411596844813	-0.2862962069578939	0.0	0.2862962069578939	0.9581411596844813	0.0	0.0	0.0	1.0	0.96
-3.1404911501020907	6.339310712368852	0.9743690374056077	-0.22495550436757358	0.0	0.22495550436757358	0.9743690374056077	0.0	0.0	0.0	1.0	0.97
-3.140962467108159	6.326386998670858	0.9866532079982158	-0.162835644583211	0.0	0.162835644583211	0.9866532079982158	0.0	0.0	0.0	1.0	0.98
-3.141303708186225	6.3133040321538205	0.9949680942492183	-0.10019227228723045	0.0	0.10019227228723045	0.9949680942492183	0.0	0.0	0.0	1.0	0.99
-3.14151353662812	6.300113067101987	0.9993048546812392	-0.037280120848884005	0.0	0.037280120848884005	0.9993048546812392	0.0	0.0	0.0	1.0	1.0
-3.1415911305249233	6.286865775288928	0.9996710335442393	0.02564809335198799	0.0	-0.02564809335198799	0.9996710335442393	0.0	0.0	0.0	1.0	1.0099999999999998
-3.141536185943088	6.273614046223	0.9960901384743811	0.08834271919116157	0.0	-0.08834271919116157	0.9960901384743811	0.0	0.0	0.0	1.0	1.02
-3.1413489180987377	6.260409786655441	0.9886011537874575	0.1505581573017808	0.0	-0.1505581573017808	0.9886011537874575	0.0	0.0	0.0	1.0	1.0299999999999998
-3.141030060526161	6.247304720028651	0.977257997539469	0.21205378149221338	0.0	-0.21205378149221338	0.977257997539469	0.0	0.0	0.0	1.0	1.04
-3.140580862243316	6.234350186542105	0.9621289305232816	0.2725947927788171	0.0	-0.2725947927788171	0.9621289305232816	0.0	0.0	0.0	1.0	1.0499999999999998
-3.1400030829239265	6.221596944514483	0.9432959252843386	0.3319530047189867	0.0	-0.3319530047189867	0.9432959252843386	0.0	0.0	0.0	1.0	1.06
-3.1392989860925646	6.209094973722745	0.9208540030383418	0.3899075596705734	0.0	-0.3899075596705734	0.9208540030383418	0.0	0.0	0.0	1.0	1.0699999999999998
-3.138471330365906	6.196893281401824	0.8949105460692597	0.4462455764867809	0.0	-0.4462455764867809	0.8949105460692597	0.0	0.0	0.0	1.0	1.08
-3.1375233587702285	6.185039711591989	0.8655845927876854	0.5007627309700442	0.0	-0.5007627309700442	0.8655845927876854	0.0	0.0	0.0	1.0	1.0899999999999999
-3.1364587861720867	6.173580758524174	0.8330061221489278	0.5532637711457399	0.0	-0.5532637711457399	0.8330061221489278	0.0	0.0	0.0	1.0	1.1
-3.135281784866025	6.162561384736203	0.7973153335794746	0.6035629700694461	0.0	-0.6035629700694461	0.7973153335794746	0.0	0.0	0.0	1.0	1.1099999999999999
-3.1339969683701168	6.152024844614075	0.7586619279519092	0.6514845194448537	0.0	-0.6514845194448537	0.7586619279519092	0.0	0.0	0.0	1.0	1.12
-3.13260937348706	6.142012514051784	0.7172043944946861	0.6968628677993332	0.0	-0.6968628677993332	0.7172043944946861	0.0	0.0	0.0	1.0	1.13
-3.1311244406954852	6.132563726919616	0.6731093078366418	0.7395430073387735	0.0	-0.7395430073387735	0.6731093078366418	0.0	0.0	0.0	1.0	1.1400000000000001
-3.1295479929429755	6.123715619023957	0.6265506386790983	0.7793807138817422	0.0	-0.7793807138817422	0.6265506386790983	0.0	0.0	0.0	1.0	1.15
-3.1278862129191007	6.115502980230599	0.5777090808724457	0.8162427444562764	0.0	-0.8162427444562764	0.5777090808724457	0.0	0.0	0.0	1.0	1.1599999999999997
-3.1261456188933914	6.107958115407755	0.526771396960606	0.8500069972324766	0.0	-0.8500069972324766	0.526771396960606	0.0	0.0	0.0	1.0	1.17
-3.1243330392096462	6.101110714824015	0.47392978355615456	0.8805626384638497	0.0	-0.8805626384638497	0.47392978355615456	0.0	0.0	0.0	1.0	1.1799999999999997
-3.122455585534185	6.094987734609797	0.419381257231061	0.9078102010240328	0.0	-0.9078102010240328	0.419381257231061	0.0	0.0	0.0	1.0	1.19
-3.1205206249615873	6.089613287858361	0.36332706096212974	0.9316616589581332	0.0	-0.9316616589581332	0.36332706096212974	0.0	0.0	0.0	1.0	1.1999999999999997
-3.1185357510870246	6.08500854690384	0.30597209056434566	0.9520404822252486	0.0	-0.9520404822252486	0.30597209056434566	0.0	0.0	0.0	1.0	1.21
-3.1165087541594456	6.081191657269196	0.24752433998716766	0.9688816754970222	0.0	-0.9688816754970222	0.24752433998716766	0.0	0.0	0.0	1.0	1.2199999999999998
-3.1144475904345637	6.078177663726654	0.18819436384463456	0.9821318045034045	0.0	-0.9821318045034045	0.18819436384463456	0.0	0.0	0.0	1.0	1.23
-3.112360350850736	6.075978448857352	0.12819475510600234	0.9917490129883226	0.0	-0.9917490129883226	0.12819475510600234	0.0	0.0	0.0	1.0	1.2399999999999998
-3.110255229154389	6.074602684436196	0.0677396354940974	0.9977030328625481	0.0	-0.9977030328625481	0.0677396354940974	0.0	0.0	0.0	1.0	1.25
-3.1081404896045868	6.074055795902894	0.007044155828038832	0.999975189626558	0.0	-0.999975189626558	0.007044155828038832	0.0	0.0	0.0	1.0	1.2599999999999998
-3.106024434388611	6.074339940111593	-0.053675996691629285	0.9985584045909184	0.0	-0.9985584045909184	-0.053675996691629285	0.0	0.0	0.0	1.0	1.27
-3.103915370881971	6.075453996480362	-0.11420508742125732	0.9934571948539619	0.0	-0.9934571948539619	-0.11420508742125732	0.0	0.0	0.0	1.0	1.2799999999999998
-3.101821578887139	6.077393571588917	-0.1743278226896018	0.984687671414801	0.0	-0.984687671414801	-0.1743278226896018	0.0	0.0	0.0	1.0	1.29
-3.099751277985398	6.080151017199458	-0.23382984095490253	0.972277535212557	0.0	-0.972277535212557	-0.23382984095490253	0.0	0.0	0.0	1.0	1.2999999999999998
-3.0977125951355875	6.083715461602276	-0.29249820990152986	0.9562660702986386	0.0	-0.9562660702986386	-0.29249820990152986	0.0	0.0	0.0	1.0	1.31
-3.0957135326521783	6.08807285411603	-0.3501219325311661	0.9367041327765356	0.0	-0.9367041327765356	-0.3501219325311661	0.0	0.0	0.0	1.0	1.3199999999999998
-3.0937619366930678	6.093206022503052	-0.40649246508557246	0.9136541335914016	0.0	-0.9136541335914016	-0.40649246508557246	0.0	0.0	0.0	1.0	1.33
-3.0918654663847436	6.099094742993873	-0.4614042493471036	0.8871900127280716	0.0	-0.8871900127280716	-0.4614042493471036	0.0	0.0	0.0	1.0	1.3399999999999999
-3.0900315637091134	6.10571582255292	-0.5146552615026472	0.8573972018893237	0.0	-0.8573972018893237	-0.5146552615026472	0.0	0.0	0.0	1.0	1.35
-3.0882674242723014	6.113043192959973	-0.5660475793300975	0.8243725722842415	0.0	-0.8243725722842415	-0.5660475793300975	0.0	0.0	0.0	1.0	1.3599999999999999
-3.0865799690712232	6.121048016229769	-0.6153879689788182	0.7882243637671479	0.0	-0.7882243637671479	-0.6153879689788182	0.0	0.0	0.0	1.0	1.37
-3.084975817368716	6.129698800845766	-0.6624884920720011	0.7490720912383309	0.0	-0.7490720912383309	-0.6624884920720011	0.0	0.0	0.0	1.0	1.38
-3.0834612607825687	6.13896152824357	-0.7071671332660376	0.7070464239555239	0.0	-0.7070464239555239	-0.7071671332660376	0.0	0.0	0.0	1.0	1.3900000000000001
-3.0820422386879764	6.1487997889450945	-0.7492484477668928	0.662289033216542	0.0	-0.662289033216542	-0.7492484477668928	0.0	0.0	0.0	1.0	1.4
-3.0807243150268047	6.1591749277160455	-0.7885642276343093	0.614952403764312	0.0	-0.614952403764312	-0.7885642276343093	0.0	0.0	0.0	1.0	1.4099999999999997
-3.0795126566106616	6.170046197096555	-0.8249541850100716	0.5651996042411642	0.0	-0.5651996042411642	-0.8249541850100716	0.0	0.0	0.0	1.0	1.42
-3.078412012998188	6.181370918637438	-0.8582666496963708	0.5132040120838568	0.0	-0.5132040120838568	-0.8582666496963708	0.0	0.0	0.0	1.0	1.4299999999999997
-3.0774266980202305	6.193104651162049	-0.88835927779476	0.45914898840787227	0.0	-0.45914898840787227	-0.88835927779476	0.0	0.0	0.0	1.0	1.44
-3.0765605730197305	6.205201365365552	-0.9150997674063389	0.4032274986814074	0.0	-0.4032274986814074	-0.9150997674063389	0.0	0.0	0.0	1.0	1.4499999999999997
-3.0758170318662468	6.21761362405893	-0.9383665767013213	0.34564167533710893	0.0	-0.34564167533710893	-0.9383665767013213	0.0	0.0	0.0	1.0	1.46
-3.0751989877980983	6.2302927673635	-0.9580496390029487	0.28660231891301896	0.0	-0.28660231891301896	-0.9580496390029487	0.0	0.0	0.0	1.0	1.4699999999999998
-3.074708862138186	6.243189102162436	-0.9740510689093242	0.22632833485138973	0.0	-0.22632833485138973	-0.9740510689093242	0.0	0.0	0.0	1.0	1.48
-3.07434857492261	6.256252095118035	-0.986285852909517	0.16504610371210515	0.0	-0.16504610371210515	-0.986285852909517	0.0	0.0	0.0	1.0	1.4899999999999998
-3.074119537474323	6.269430568566619	-0.9946825174498246	0.10298878327118705	0.0	-0.10298878327118705	-0.9946825174498246	0.0	0.0	0.0	1.0	1.5
-3.074022646947177	6.282672898606307	-0.9991837669844656	0.040395541768036565	0.0	-0.040395541768036565	-0.9991837669844656	0.0	0.0	0.0	1.0	1.5099999999999998
-3.0740582828589194	6.295927214696063	-0.9997470842139698	-0.022489277571002976	0.0	0.022489277571002976	-0.9997470842139698	0.0	0.0	0.0	1.0	1.52
-3.074226305624855	6.309141600086834	-0.9963452844850498	-0.08541705968016804	0.0	0.08541705968016804	-0.9963452844850498	0.0	0.0	0.0	1.0	1.5299999999999998
-3.074526057097142	6.3222642924070716	-0.9889670162077004	-0.14813588644632267	0.0	0.14813588644632267	-0.9889670162077004	0.0	0.0	0.0	1.0	1.54
-3.074956363107892	6.335243883725228	-0.9776171991473008	-0.210391568109055	0.0	0.210391568109055	-0.9776171991473008	0.0	0.0	0.0	1.0	1.5499999999999998
-3.0755155380074806	6.348029519410941	-0.9623173925786249	-0.2719287332016913	0.0	0.2719287332016913	-0.9623173925786249	0.0	0.0	0.0	1.0	1.56
-3.0762013911826775	6.360571095114673	-0.9431060855501631	-0.3324919719305247	0.0	0.3324919719305247	-0.9431060855501631	0.0	0.0	0.0	1.0	1.5699999999999998
-3.077011235532384	6.37281945118276	-0.9200389019040529	-0.3918270268666833	0.0	0.3918270268666833	-0.9200389019040529	0.0	0.0	0.0	1.0	1.58
-3.0779418978719284	6.384726563821586	-0.8931887132301859	-0.4496820238326242	0.0	0.4496820238326242	-0.8931887132301859	0.0	0.0	0.0	1.0	1.5899999999999999
-3.078989731229984	6.3962457323212885	-0.8626456536008498	-0.505808734922167	0.0	0.505808734922167	-0.8626456536008498	0.0	0.0	0.0	1.0	1.6
-3.080150628995261	6.407331761646755	-0.8285170307304841	-0.5599638647176639	0.0	0.5599638647176639	-0.8285170307304841	0.0	0.0	0.0	1.0	1.6099999999999999
-3.081420040863189	6.4179411397021875	-0.7909271291265587	-0.6119103499791617	0.0	0.6119103499791617	-0.7909271291265587	0.0	0.0	0.0	1.0	1.62
-3.082792990525882	6.428032208575949	-0.7500169018326445	-0.6614186623957335	0.0	0.6614186623957335	-0.7500169018326445	0.0	0.0	0.0	1.0	1.63
-3.084264095041736	6.437565329075489	-0.7059435485008091	-0.7082681034255924	0.0	0.7082681034255924	-0.7059435485008091	0.0	0.0	0.0	1.0	1.6400000000000001
-3.0858275858141426	6.446503037868553	-0.6588799787526394	-0.7522480798240175	0.0	0.7522480798240175	-0.6588799787526394	0.0	0.0	0.0	1.0	1.65
-3.0874773311020194	6.454810196557319	-0.6090141610788468	-0.793159348180067	0.0	0.793159348180067	-0.6090141610788468	0.0	0.0	0.0	1.0	1.6600000000000001
-3.089206859978177	6.462454132027146	-0.5565483588671677	-0.8308152166650911	0.0	0.8308152166650911	-0.5565483588671677	0.0	0.0	0.0	1.0	1.67
-3.0910093876450615	6.469404767431829	-0.5016982565155135	-0.8650426922466278	0.0	0.8650426922466278	-0.5016982565155135	0.0	0.0	0.0	1.0	1.6799999999999997
-3.0928778420111533	6.475634743203076	-0.44469197995956483	-0.8956835618451652	0.0	0.8956835618451652	-0.44469197995956483	0.0	0.0	0.0	1.0	1.69
-3.094804891425325	6.481119527503533	-0.38576901729724	-0.9225953963106048	0.0	0.9225953963106048	-0.38576901729724	0.0	0.0	0.0	1.0	1.6999999999999997
-3.096782973460841	6.48583751558039	-0.3251790465028444	-0.9456524666681208	0.0	0.9456524666681208	-0.3251790465028444	0.0	0.0	0.0	1.0	1.71
-3.0988043246354615	6.489770117520257	-0.26318067846712456	-0.9647465628244467	0.0	0.9647465628244467	-0.26318067846712456	0.0	0.0	0.0	1.0	1.7199999999999998
-3.100861010949354	6.492901833955475	-0.20004012475252275	-0.9797877058266221	0.0	0.9797877058266221	-0.20004012475252275	0.0	0.0	0.0	1.0	1.73
-3.1029449591182963	6.495220319327073	-0.13602980049385918	-0.9907047458136056	0.0	0.9907047458136056	-0.13602980049385918	0.0	0.0	0.0	1.0	1.7399999999999998
-3.105047988375995	6.496716432369539	-0.0714268737828982	-0.9974458389815468	0.0	0.9974458389815468	-0.0714268737828982	0.0	0.0	0.0	1.0	1.75
-3.107161842716312	6.4973842735470155	-0.006511773633211224	-0.9999787981773163	0.0	0.9999787981773163	-0.006511773633211224	0.0	0.0	0.0	1.0	1.7599999999999998
-3.1092782234438205	6.497221209238516	0.058433330786042854	-0.9982913131211996	0.0	0.9982913131211996	0.058433330786042854	0.0	0.0	0.0	1.0	1.77
-3.111388821899458	6.496227882540571	0.12312606654392864	-0.9923910377151842	0.0	0.9923910377151842	0.12312606654392864	0.0	0.0	0.0	1.0	1.7799999999999998
-3.113485352227051	6.494408210628297	0.18728539563690225	-0.9823055433932607	0.0	0.9823055433932607	0.18728539563690225	0.0	0.0	0.0	1.0	1.79
-3.115559584046307	6.4917693686893445	0.2506331426028227	-0.9680821389887498	0.0	0.9680821389887498	0.2506331426028227	0.0	0.0	0.0	1.0	1.7999999999999998
-3.1176033748983487	6.488321760518356	0.3128954978426777	-0.949787559104552	0.0	0.949787559104552	0.3128954978426777	0.0	0.0	0.0	1.0	1.81
-3.1196087023311083	6.484078975931626	0.3738044837745284	-0.9275075244492944	0.0	0.9275075244492944	0.3738044837745284	0.0	0.0	0.0	1.0	1.8199999999999998
-3.121567695493873	6.479057735231438	0.4330993714675653	-0.9013461790202474	0.0	0.9013461790202474	0.4330993714675653	0.0	0.0	0.0	1.0	1.83
-3.1234726661128582	6.4732778210162465	0.49052803609847073	-0.8714254103486869	0.0	0.8714254103486869	0.49052803609847073	0.0	0.0	0.0	1.0	1.8399999999999999
-3.1253161387230226	6.466761997695644	0.545848240424039	-0.8378840602529567	0.0	0.8378840602529567	0.545848240424039	0.0	0.0	0.0	1.0	1.85
-3.127090880035166	6.459535919127147	0.5988288364560613	-0.8008770346493148	0.0	0.8008770346493148	0.5988288364560613	0.0	0.0	0.0	1.0	1.8599999999999999
-3.1287899273218467	6.451628024844725	0.6492508766378493	-0.7605743219337505	0.0	0.7605743219337505	0.6492508766378493	0.0	0.0	0.0	1.0	1.87
-3.130406615710549	6.443069425396261	0.6969086270347343	-0.7171599302558403	0.0	0.7171599302558403	0.6969086270347343	0.0	0.0	0.0	1.0	1.88
-3.1319346042779586	6.4338937773484055	0.7416104763408793	-0.6708307546478876	0.0	0.6708307546478876	0.7416104763408793	0.0	0.0	0.0	1.0	1.8900000000000001
-3.133367900844937	6.424137148552632	0.7831797358476438	-0.6217953854425223	0.0	0.6217953854425223	0.7831797358476438	0.0	0.0	0.0	1.0	1.9
-3.134700885377908	6.413837874295603	0.8214553268906536	-0.5702728697062218	0.0	0.5702728697062218	0.8214553268906536	0.0	0.0	0.0	1.0	1.9100000000000001
-3.135928331908698	6.403036404980512	0.8562923536693395	-0.5164914375354376	0.0	0.5164914375354376	0.8562923536693395	0.0	0.0	0.0	1.0	1.92
-3.137045428891465	6.39177514600422	0.8875625606910076	-0.4606872050096697	0.0	0.4606872050096697	0.8875625606910076	0.0	0.0	0.0	1.0	1.9299999999999997
-3.1380477979220402	6.380098290508138	0.9151546754091068	-0.40310286537911444	0.0	0.40310286537911444	0.9151546754091068	0.0	0.0	0.0	1.0	1.94
-3.1389315107518643	6.368051645689612	0.9389746378820725	-0.34398637969290446	0.0	0.34398637969290446	0.9389746378820725	0.0	0.0	0.0	1.0	1.9499999999999997
-3.139693104535581	6.355682453365564	0.9589457204562545	-0.28358967756008874	0.0	0.28358967756008874	0.9589457204562545	0.0	0.0	0.0	1.0	1.96
-3.1403295952582844	6.3430392054821	0.9750085415579578	-0.22216737809368867	0.0	0.22216737809368867	0.9750085415579578	0.0	0.0	0.0	1.0	1.9699999999999998
-3.140838489295365	6.330171455263416	0.9871209786518875	-0.15997554033457712	0.0	0.15997554033457712	0.9871209786518875	0.0	0.0	0.0	1.0	1.98
-3.1412177930648095	6.317129624691289	0.9952579862752665	-0.09727045160428542	0.0	0.09727045160428542	0.9952579862752665	0.0	0.0	0.0	1.0	1.9899999999999998
-3.141466020738732	6.3039648090034515	0.9994113257804882	-0.03430746131218333	0.0	0.03430746131218333	0.9994113257804882	0.0	0.0	0.0	1.0	2.0
-3.141582199987753	6.2907285788958385	0.9995892140088227	0.02866013323807069	0.0	-0.02866013323807069	0.9995892140088227	0.0	0.0	0.0	1.0	2.0100000000000007
-3.1415658757387117	6.277472781110526	0.9958158985707445	0.09138214351688644	0.0	-0.09138214351688644	0.9958158985707445	0.0	0.0	0.0	1.0	2.0199999999999996
-3.141417111932968	6.264249338088703	0.9881311677246466	0.15361248442469302	0.0	-0.15361248442469302	0.9881311677246466	0.0	0.0	0.0	1.0	2.0300000000000002
-3.141136491279366	6.251110047366472	0.9765898030273332	0.21511010348896795	0.0	-0.21511010348896795	0.9765898030273332	0.0	0.0	0.0	1.0	2.04
-3.1407251130026888	6.238106381390802	0.9612609829810853	0.275639842182217	0.0	-0.275639842182217	0.9612609829810853	0.0	0.0	0.0	1.0	2.05
-3.140184588595212	6.225289288433805	0.9422276458297549	0.33497322793637996	0.0	-0.33497322793637996	0.9422276458297549	0.0	0.0	0.0	1.0	2.0600000000000005
-3.1395170355857602	6.212708995285329	0.9195858194682308	0.3928891963810438	0.0	-0.3928891963810438	0.9195858194682308	0.0	0.0	0.0	1.0	2.0699999999999994
-3.1387250693474793	6.20041481240661	0.893443926135276	0.4491747442276598	0.0	-0.4491747442276598	0.893443926135276	0.0	0.0	0.0	1.0	2.08
-3.1378117929723786	6.188454942231063	0.8639220691698823	0.5036255140491088	0.0	-0.5036255140491088	0.8639220691698823	0.0	0.0	0.0	1.0	2.09
-3.136780785247572	6.176876291301574	0.8311513086371798	0.5560463129548685	0.0	-0.5560463129548685	0.8311513086371798	0.0	0.0	0.0	1.0	2.1000000000000005
-3.1356360867750666	6.16572428693658	0.7952729320841232	0.6062515678283411	0.0	-0.6062515678283411	0.7952729320841232	0.0	0.0	0.0	1.0	2.1099999999999994
-3.134382184283856	6.155042699118917	0.7564377260795913	0.6540657203703135	0.0	-0.6540657203703135	0.7564377260795913	0.0	0.0	0.0	1.0	2.12
-3.133023993190042	6.144873468301367	0.7148052535413886	0.699323565675883	0.0	-0.699323565675883	0.7148052535413886	0.0	0.0	0.0	1.0	2.13
-3.1315668384676054	6.135256539820172	0.6705431411658016	0.7418705384603839	0.0	-0.7418705384603839	0.6705431411658016	0.0	0.0	0.0	1.0	2.1400000000000006
-3.13001643389936	6.126229705602005	0.6238263805668997	0.7815629513409663	0.0	-0.7815629513409663	0.6238263805668997	0.0	0.0	0.0	1.0	2.1499999999999995
-3.1283788597844095	6.117828453840022	0.5748366460136892	0.8182681897762691	0.0	-0.8182681897762691	0.5748366460136892	0.0	0.0	0.0	1.0	2.16
-3.126660539185121	6.110085827300356	0.5237616309357818	0.8518648683679177	0.0	-0.8518648683679177	0.5237616309357818	0.0	0.0	0.0	1.0	2.17
-3.124868212803149	6.1030322909009325	0.4707944046621636	0.8822429532383916	0.0	-0.8822429532383916	0.4707944046621636	0.0	0.0	0.0	1.0	2.1800000000000006
-3.1230089125803353	6.096695609179568	0.41613279017400867	0.9093038551232446	0.0	-0.9093038551232446	0.41613279017400867	0.0	0.0	0.0	1.0	2.1899999999999995
-3.121089934126334	6.09110073423747	0.3599787629993054	0.9329604976575856	0.0	-0.9329604976575856	0.3599787629993054	0.0	0.0	0.0	1.0	2.2
-3.119118808080485	6.086269704707505	0.3025378707639193	0.9531373651020268	0.0	-0.9531373651020268	0.3025378707639193	0.0	0.0	0.0	1.0	2.21
-3.117103270520742	6.082221556253696	0.2440186723469458	0.9697705334490391	0.0	-0.9697705334490391	0.2440186723469458	0.0	0.0	0.0	1.0	2.2200000000000006
-3.1150512325372928	6.078972244059784	0.18463219507576914	0.9828076884831046	0.0	-0.9828076884831046	0.18463219507576914	0.0	0.0	0.0	1.0	2.2299999999999995
-3.112970749092804	6.076534577710374	0.12459140794262434	0.9922081339451289	0.0	-0.9922081339451289	0.12459140794262434	0.0	0.0	0.0	1.0	2.24
-3.1108699872949814	6.074918168808837	0.06411070843594972	0.9979427924805313	0.0	-0.9979427924805313	0.06411070843594972	0.0	0.0	0.0	1.0	2.25
-3.1087571942102437	6.074129391612285	0.003405420259263558	0.9999942015396178	0.0	-0.9999942015396178	0.003405420259263558	0.0	0.0	0.0	1.0	2.2600000000000007
-3.106640664349789	6.074171356896321	-0.057308701037641775	0.9983565058561887	0.0	-0.9983565058561887	-0.057308701037641775	0.0	0.0	0.0	1.0	2.2699999999999996
-3.104528706961096	6.075043899191782	-0.11781595766461275	0.9930354475644714	0.0	-0.9930354475644714	-0.11781595766461275	0.0	0.0	0.0	1.0	2.2800000000000002
-3.1024296132589777	6.0767435774631995	-0.17790119768100954	0.9840483544336946	0.0	-0.9840483544336946	-0.17790119768100954	0.0	0.0	0.0	1.0	2.29
-3.1003516237306163	6.079263689225274	-0.23735030483744143	0.9714241261125718	0.0	-0.9714241261125718	-0.23735030483744143	0.0	0.0	0.0	1.0	2.3000000000000007
-3.098302895648621	6.082594298020291	-0.2959506933804032	0.9552032176912192	0.0	-0.9552032176912192	-0.2959506933804032	0.0	0.0	0.0	1.0	2.3099999999999996
-3.0962914709250096	6.086722274107041	-0.3534918108981372	0.9354376193140598	0.0	-0.9354376193140598	-0.3534918108981372	0.0	0.0	0.0	1.0	2.3200000000000003
-3.0943252444371656	6.091631348141608	-0.40976565207753496	0.9121908300226838	0.0	-0.9121908300226838	-0.40976565207753496	0.0	0.0	0.0	1.0	2.33
-3.0924119329542927	6.097302177563091	-0.4645672859609975	0.885537823480642	0.0	-0.885537823480642	-0.4645672859609975	0.0	0.0	0.0	1.0	2.34
-3.0905590447896985	6.103712425333906	-0.5176953989407732	0.8555650027412024	0.0	-0.8555650027412024	-0.5176953989407732	0.0	0.0	0.0	1.0	2.3500000000000005
-3.088773850300438	6.110836850625409	-0.568952855311079	0.8223701407720071	0.0	-0.8223701407720071	-0.568952855311079	0.0	0.0	0.0	1.0	2.3599999999999994
-3.0870633533514806	6.118647410985912	-0.6181472767193417	0.7860623030552107	0.0	-0.7860623030552107	-0.6181472767193417	0.0	0.0	0.0	1.0	2.37
-3.0854342638567047	6.127113375479963	-0.6650916413226164	0.7467617482455755	0.0	-0.7467617482455755	-0.6650916413226164	0.0	0.0	0.0	1.0	2.38
-3.0838929715036763	6.136201448245616	-0.709604902870413	0.7045998025988026	0.0	-0.7045998025988026	-0.709604902870413	0.0	0.0	0.0	1.0	2.3900000000000006
-3.082445520763476	6.145875901880148	-0.7515126293069626	0.6597187036852419	0.0	-0.6597187036852419	-0.7515126293069626	0.0	0.0	0.0	1.0	2.3999999999999995
-3.081097587280773	6.156098720034506	-0.7906476598233926	0.6122714087851832	0.0	-0.6122714087851832	-0.7906476598233926	0.0	0.0	0.0	1.0	2.41
-3.079854455733029	6.166829748572395	-0.8268507786010177	0.5624213633272575	0.0	-0.5624213633272575	-0.8268507786010177	0.0	0.0	0.0	1.0	2.42
-3.078720999241182	6.178026854630974	-0.8599714027814666	0.510342224784582	0.0	-0.510342224784582	-0.8599714027814666	0.0	0.0	0.0	1.0	2.4300000000000006
-3.0777016604074476	6.189646092906333	-0.8898682814869588	0.45621753758864514	0.0	-0.45621753758864514	-0.8898682814869588	0.0	0.0	0.0	1.0	2.4399999999999995
-3.076800434049077	6.20164187847752	-0.9164102020065332	0.40024035485985837	0.0	-0.40024035485985837	-0.9164102020065332	0.0	0.0	0.0	1.0	2.45
-3.0760208516900023	6.213967165477411	-0.9394766985720341	0.3426128030885472	0.0	-0.3426128030885472	-0.9394766985720341	0.0	0.0	0.0	1.0	2.46
-3.075365967865377	6.2265736309164	-0.9589587584838863	0.28354558632968285	0.0	-0.28354558632968285	-0.9589587584838863	0.0	0.0	0.0	1.0	2.4700000000000006
-3.0748383482870967	6.239411862964983	-0.9747595197226699	0.2232574269985883	0.0	-0.2232574269985883	-0.9747595197226699	0.0	0.0	0.0	1.0	2.4799999999999995
-3.074440059911424	6.252431553003214	-0.9867949536113506	0.161974440968853	0.0	-0.161974440968853	-0.9867949536113506	0.0	0.0	0.0	1.0	2.49
-3.0741726629429675	6.265581690747952	-0.9949945255865325	0.09992944537438099	0.0	-0.09992944537438099	-0.9949945255865325	0.0	0.0	0.0	1.0	2.5
-3.0740372048023756	6.2788107617721645	-0.9993018267079232	0.03736119829726772	0.0	-0.03736119829726772	-0.9993018267079232	0.0	0.0	0.0	1.0	2.5100000000000007
-3.0740342160782688	6.292066946733816	-0.9996751681946429	-0.025486429624659808	0.0	0.025486429624659808	-0.9996751681946429	0.0	0.0	0.0	1.0	2.5199999999999996
-3.074163708477132	6.305298321634567	-0.9960881310363624	-0.08836535072349587	0.0	0.08836535072349587	-0.9960881310363624	0.0	0.0	0.0	1.0	2.5300000000000002
-3.074425174778087	6.318453058430222	-0.9885300625963146	-0.15102422104856733	0.0	0.15102422104856733	-0.9885300625963146	0.0	0.0	0.0	1.0	2.54
-3.0748175907927067	6.3314796253156	-0.9770065121108139	-0.21320946342285615	0.0	0.21320946342285615	-0.9770065121108139	0.0	0.0	0.0	1.0	2.5500000000000007
-3.07533941932324	6.344326986005867	-0.9615395971033036	-0.27466634887152924	0.0	0.27466634887152924	-0.9615395971033036	0.0	0.0	0.0	1.0	2.5599999999999996
-3.0759886161058456	6.356944797334814	-0.9421682929754538	-0.3351401314550672	0.0	0.3351401314550672	-0.9421682929754538	0.0	0.0	0.0	1.0	2.5700000000000003
-3.0767626377186086	6.369283604487879	-0.9189486384170191	-0.39437723051858165	0.0	0.39437723051858165	-0.9189486384170191	0.0	0.0	0.0	1.0	2.58
-3.077658451427293	6.381295033184621	-0.891953849790965	-0.45212645337679236	0.0	0.45212645337679236	-0.891953849790965	0.0	0.0	0.0	1.0	2.59
-3.078672546934895	6.392931978121975	-0.861274338299694	-0.5081402505080898	0.0	0.5081402505080898	-0.861274338299694	0.0	0.0	0.0	1.0	2.6000000000000005
-3.079800949994171	6.404148786986723	-0.8270176245179474	-0.5621759944507517	0.0	0.5621759944507517	-0.8270176245179474	0.0	0.0	0.0	1.0	2.6099999999999994
-3.0810392378353852	6.414901439343729	-0.7893081457815558	-0.6139972727975933	0.0	0.6139972727975933	-0.7893081457815558	0.0	0.0	0.0	1.0	2.62
-3.0823825563545704	6.4251477197062705	-0.7482869529394994	-0.6633751849900019	0.0	0.6633751849900019	-0.7482869529394994	0.0	0.0	0.0	1.0	2.63
-3.0838256390006844	6.434847384097074	-0.7041112940971992	-0.710089632035821	0.0	0.710089632035821	-0.7041112940971992	0.0	0.0	0.0	1.0	2.6400000000000006
-3.0853628272931366	6.443962319413989	-0.6569540841876749	-0.7539305878322842	0.0	0.7539305878322842	-0.6569540841876749	0.0	0.0	0.0	1.0	2.6499999999999995
-3.0869880928943503	6.45245669492346	-0.6070032604862358	-0.7946993404798315	0.0	0.7946993404798315	-0.6070032604862358	0.0	0.0	0.0	1.0	2.66
-3.0886950611553052	6.460297105218576	-0.5544610255153806	-0.8322096918351966	0.0	0.8322096918351966	-0.5544610255153806	0.0	0.0	0.0	1.0	2.67
-3.090477036045478	6.4674527039971625	-0.4995429801475617	-0.8662891035822237	0.0	0.8662891035822237	-0.4995429801475617	0.0	0.0	0.0	1.0	2.6800000000000006
-3.092327026372248	6.473895328039492	-0.44247715108291463	-0.896779778300976	0.0	0.896779778300976	-0.44247715108291463	0.0	0.0	0.0	1.0	2.6899999999999995
